NAME: dataset_100_04
NODES: 100
TYPE: SYMMETRIC
NODE1 NODE2 TIME
0 1 89.5232
0 2 272.3254
0 3 27.1832
0 4 274.5267
0 5 267.802
0 6 239.7534
0 7 135.7048
0 8 105.6871
0 9 136.5651
0 10 13.2455
0 11 212.7323
0 12 46.6172
0 13 144.6115
0 14 191.4838
0 15 259.7718
0 16 282.1104
0 17 272.9893
0 18 237.0478
0 19 267.782
0 20 107.0571
0 21 266.7536
0 22 49.3019
0 23 17.8429
0 24 91.0855
0 25 240.2981
0 26 216.4446
0 27 271.6547
0 28 27.7151
0 29 202.2283
0 30 60.8523
0 31 5.4415
0 32 69.3132
0 33 181.0703
0 34 106.6206
0 35 144.4983
0 36 69.6077
0 37 229.8121
0 38 269.0882
0 39 293.7257
0 40 172.049
0 41 172.4885
0 42 219.2362
0 43 156.3196
0 44 130.2106
0 45 29.9963
0 46 171.895
0 47 288.3718
0 48 273.9892
0 49 168.0467
0 50 144.2186
0 51 167.0853
0 52 219.7057
0 53 79.2716
0 54 299.512
0 55 131.1382
0 56 21.9469
0 57 114.5691
0 58 165.2109
0 59 175.4415
0 60 89.5322
0 61 54.8087
0 62 207.5355
0 63 285.8245
0 64 140.0194
0 65 29.3427
0 66 22.674
0 67 190.0282
0 68 45.5208
0 69 191.1947
0 70 262.5077
0 71 179.9098
0 72 226.7508
0 73 32.3684
0 74 256.3104
0 75 45.2666
0 76 13.7644
0 77 266.3408
0 78 236.3459
0 79 67.5813
0 80 80.3035
0 81 293.284
0 82 68.3001
0 83 113.843
0 84 177.9372
0 85 128.6357
0 86 271.3283
0 87 217.1714
0 88 229.3783
0 89 130.6843
0 90 103.6488
0 91 278.7093
0 92 252.2055
0 93 260.7859
0 94 27.1195
0 95 200.0331
0 96 234.1529
0 97 86.9971
0 98 3.6383
0 99 39.6439
1 2 27.0092
1 3 75.5786
1 4 256.9268
1 5 113.386
1 6 39.3261
1 7 156.1267
1 8 210.3647
1 9 185.252
1 10 223.208
1 11 16.2833
1 12 192.9894
1 13 66.4394
1 14 230.6834
1 15 11.2959
1 16 167.8823
1 17 108.8534
1 18 276.1267
1 19 207.0153
1 20 257.088
1 21 116.9537
1 22 54.9135
1 23 62.9382
1 24 136.2643
1 25 131.9613
1 26 136.4971
1 27 69.0592
1 28 267.488
1 29 146.7259
1 30 124.1729
1 31 175.9545
1 32 60.896
1 33 251.9321
1 34 45.4571
1 35 6.8176
1 36 257.9549
1 37 39.6691
1 38 111.5387
1 39 256.8143
1 40 294.6224
1 41 246.9647
1 42 255.1899
1 43 86.4155
1 44 74.3276
1 45 285.2706
1 46 123.3136
1 47 149.2069
1 48 286.9213
1 49 103.7457
1 50 19.7132
1 51 197.4425
1 52 9.2303
1 53 53.2545
1 54 50.3761
1 55 99.2767
1 56 259.4315
1 57 37.2144
1 58 52.838
1 59 122.9744
1 60 252.6635
1 61 30.9378
1 62 297.7063
1 63 39.982
1 64 257.7766
1 65 176.5426
1 66 248.2328
1 67 290.8192
1 68 49.5453
1 69 197.9378
1 70 167.2469
1 71 83.4235
1 72 41.985
1 73 86.1592
1 74 143.4006
1 75 215.6196
1 76 284.5219
1 77 100.7323
1 78 282.2055
1 79 167.128
1 80 169.7439
1 81 239.8106
1 82 235.2515
1 83 200.8277
1 84 268.7166
1 85 38.6277
1 86 151.994
1 87 146.7573
1 88 174.789
1 89 278.761
1 90 34.7772
1 91 50.6872
1 92 106.6918
1 93 249.0311
1 94 269.4764
1 95 172.3156
1 96 124.9751
1 97 76.6556
1 98 59.7572
1 99 114.3106
2 3 161.1934
2 4 134.8598
2 5 246.8542
2 6 132.4333
2 7 180.7524
2 8 46.6899
2 9 198.5398
2 10 251.71
2 11 200.9063
2 12 16.415
2 13 122.2258
2 14 229.738
2 15 85.6667
2 16 134.7042
2 17 60.0872
2 18 226.5516
2 19 267.8267
2 20 298.6103
2 21 241.5328
2 22 63.1685
2 23 170.1533
2 24 290.5657
2 25 170.5318
2 26 265.2005
2 27 95.9849
2 28 297.0058
2 29 240.0492
2 30 229.4655
2 31 185.826
2 32 127.6576
2 33 77.6334
2 34 42.6224
2 35 99.9426
2 36 142.4438
2 37 151.5137
2 38 137.4843
2 39 230.568
2 40 140.3227
2 41 284.3122
2 42 97.9301
2 43 94.2773
2 44 133.7912
2 45 75.6729
2 46 175.7494
2 47 126.823
2 48 146.5219
2 49 282.4142
2 50 33.688
2 51 248.8198
2 52 241.1731
2 53 296.092
2 54 122.5106
2 55 242.5262
2 56 172.607
2 57 198.0674
2 58 181.8423
2 59 295.5717
2 60 38.3616
2 61 166.1719
2 62 144.8084
2 63 169.2499
2 64 46.9273
2 65 44.5114
2 66 198.8363
2 67 166.3749
2 68 179.6941
2 69 207.6142
2 70 88.6155
2 71 236.6567
2 72 246.7512
2 73 30.3247
2 74 5.4285
2 75 191.3041
2 76 252.4271
2 77 268.2477
2 78 127.3377
2 79 242.2426
2 80 227.4995
2 81 220.747
2 82 118.8304
2 83 151.7611
2 84 227.1581
2 85 158.7547
2 86 33.6481
2 87 264.2721
2 88 86.7344
2 89 8.9617
2 90 35.3123
2 91 122.0323
2 92 42.5216
2 93 152.5816
2 94 297.8528
2 95 141.1067
2 96 224.9083
2 97 75.2219
2 98 91.4929
2 99 221.3018
3 4 10.3371
3 5 241.6865
3 6 217.2544
3 7 96.5115
3 8 156.0304
3 9 212.5027
3 10 76.0769
3 11 250.8428
3 12 166.7645
3 13 299.2728
3 14 219.9176
3 15 70.2762
3 16 2.1997
3 17 242.7332
3 18 87.47
3 19 73.8221
3 20 157.8636
3 21 31.1822
3 22 44.7387
3 23 118.244
3 24 147.0725
3 25 233.9861
3 26 227.3768
3 27 109.2996
3 28 151.7429
3 29 146.5809
3 30 87.5009
3 31 224.6353
3 32 250.1886
3 33 15.8636
3 34 183.0818
3 35 150.4964
3 36 33.321
3 37 185.5972
3 38 286.1996
3 39 233.1538
3 40 223.0291
3 41 176.2768
3 42 249.2004
3 43 17.6006
3 44 99.5212
3 45 117.7251
3 46 143.2245
3 47 167.9829
3 48 252.9638
3 49 29.5983
3 50 72.3343
3 51 77.0209
3 52 181.3485
3 53 105.6466
3 54 231.7973
3 55 77.171
3 56 147.0291
3 57 178.6415
3 58 236.2771
3 59 259.9656
3 60 160.6919
3 61 91.4923
3 62 297.9526
3 63 259.5557
3 64 149.327
3 65 115.6944
3 66 149.6496
3 67 158.7646
3 68 239.1375
3 69 173.549
3 70 241.5726
3 71 94.2596
3 72 298.8484
3 73 282.5868
3 74 177.0651
3 75 189.1516
3 76 282.1509
3 77 116.4972
3 78 20.8092
3 79 261.3348
3 80 86.765
3 81 95.2133
3 82 124.6482
3 83 219.1419
3 84 208.9479
3 85 74.6182
3 86 117.952
3 87 63.177
3 88 236.1358
3 89 77.7772
3 90 44.4918
3 91 107.9741
3 92 236.9683
3 93 299.177
3 94 240.43
3 95 154.3493
3 96 94.6344
3 97 40.5905
3 98 43.7532
3 99 225.502
4 5 150.4982
4 6 125.6552
4 7 136.5068
4 8 229.0729
4 9 134.294
4 10 222.2188
4 11 280.9954
4 12 180.3266
4 13 290.5953
4 14 69.9717
4 15 282.8575
4 16 151.9058
4 17 70.5328
4 18 198.7158
4 19 161.3155
4 20 174.0234
4 21 117.0411
4 22 126.2456
4 23 7.6642
4 24 276.8087
4 25 174.2341
4 26 286.5721
4 27 93.8481
4 28 260.4167
4 29 228.761
4 30 204.8216
4 31 66.9141
4 32 178.5674
4 33 225.8189
4 34 171.3206
4 35 260.6852
4 36 60.8931
4 37 175.1787
4 38 10.5682
4 39 56.0401
4 40 244.4362
4 41 259.1823
4 42 230.8705
4 43 256.9715
4 44 53.9305
4 45 102.0569
4 46 156.9551
4 47 135.6171
4 48 283.5977
4 49 91.9694
4 50 100.3076
4 51 90.5861
4 52 29.3856
4 53 24.3187
4 54 204.6641
4 55 64.4247
4 56 262.2509
4 57 284.6056
4 58 93.0211
4 59 67.0926
4 60 235.9209
4 61 214.0698
4 62 129.4283
4 63 225.2398
4 64 25.6241
4 65 189.1504
4 66 95.0834
4 67 231.9478
4 68 177.826
4 69 9.4535
4 70 22.1261
4 71 174.8772
4 72 156.9837
4 73 67.2187
4 74 44.7771
4 75 81.3572
4 76 100.1784
4 77 28.4322
4 78 71.225
4 79 281.9286
4 80 154.3116
4 81 266.9242
4 82 99.9079
4 83 11.2604
4 84 100.0949
4 85 8.4298
4 86 89.0483
4 87 198.5379
4 88 6.8221
4 89 84.4574
4 90 1.6909
4 91 253.9757
4 92 104.1718
4 93 13.5349
4 94 241.5494
4 95 71.1484
4 96 11.3495
4 97 67.324
4 98 140.2845
4 99 174.7097
5 6 48.4002
5 7 277.3795
5 8 241.579
5 9 44.9928
5 10 214.6075
5 11 140.7312
5 12 225.0803
5 13 203.8102
5 14 42.2775
5 15 139.67
5 16 238.6521
5 17 210.8314
5 18 79.7884
5 19 99.9075
5 20 31.9758
5 21 237.5206
5 22 97.1253
5 23 255.8317
5 24 90.5078
5 25 229.8127
5 26 264.6786
5 27 245.4359
5 28 59.233
5 29 13.1418
5 30 145.2041
5 31 59.0767
5 32 174.7535
5 33 164.306
5 34 88.4095
5 35 60.3485
5 36 18.9733
5 37 278.7972
5 38 33.1665
5 39 152.4343
5 40 218.2606
5 41 263.7067
5 42 229.824
5 43 47.1834
5 44 257.445
5 45 79.8184
5 46 151.2354
5 47 199.0812
5 48 257.5263
5 49 3.6265
5 50 283.6923
5 51 293.9498
5 52 228.5244
5 53 24.4938
5 54 232.65
5 55 222.2968
5 56 50.6233
5 57 106.4402
5 58 177.7755
5 59 155.5967
5 60 143.8042
5 61 205.7892
5 62 208.7757
5 63 239.341
5 64 168.8438
5 65 290.2292
5 66 108.1933
5 67 68.1389
5 68 166.484
5 69 225.5835
5 70 219.7609
5 71 254.2337
5 72 274.199
5 73 205.1393
5 74 1.387
5 75 223.2301
5 76 2.9787
5 77 39.9282
5 78 259.1195
5 79 247.1053
5 80 72.22
5 81 133.8663
5 82 249.0106
5 83 285.9629
5 84 184.6165
5 85 63.5591
5 86 60.7307
5 87 293.7807
5 88 283.8666
5 89 263.7136
5 90 69.7868
5 91 157.5742
5 92 172.7113
5 93 4.3058
5 94 107.1434
5 95 265.7607
5 96 232.8128
5 97 110.6597
5 98 89.7872
5 99 228.5759
6 7 251.6746
6 8 236.7935
6 9 140.1353
6 10 17.619
6 11 122.8334
6 12 43.7385
6 13 156.5779
6 14 4.3017
6 15 165.6916
6 16 50.5486
6 17 74.0232
6 18 199.8096
6 19 38.9372
6 20 254.29
6 21 120.5865
6 22 33.7384
6 23 57.5752
6 24 210.9153
6 25 256.5709
6 26 203.716
6 27 152.9821
6 28 137.5102
6 29 242.5131
6 30 237.6154
6 31 200.8183
6 32 156.0709
6 33 87.1413
6 34 34.8675
6 35 53.3622
6 36 94.2765
6 37 221.5548
6 38 64.2533
6 39 1.4617
6 40 282.8248
6 41 152.4338
6 42 93.9797
6 43 52.1879
6 44 128.6566
6 45 87.6244
6 46 133.7549
6 47 224.0943
6 48 108.1406
6 49 98.1446
6 50 110.2831
6 51 21.0829
6 52 146.0492
6 53 225.0123
6 54 189.5093
6 55 283.5391
6 56 240.7835
6 57 194.8845
6 58 220.5811
6 59 26.3908
6 60 82.6287
6 61 40.7022
6 62 81.8649
6 63 9.8492
6 64 260.7815
6 65 228.2898
6 66 216.9526
6 67 146.8566
6 68 110.7974
6 69 105.1811
6 70 119.4431
6 71 52.8519
6 72 43.7445
6 73 271.5643
6 74 19.7158
6 75 26.0227
6 76 130.3856
6 77 100.9415
6 78 248.2196
6 79 127.3544
6 80 2.8742
6 81 125.8291
6 82 161.1083
6 83 201.0968
6 84 69.1704
6 85 19.9446
6 86 262.3316
6 87 163.0405
6 88 296.3742
6 89 207.0857
6 90 275.022
6 91 199.255
6 92 240.5392
6 93 18.4235
6 94 274.7088
6 95 106.4596
6 96 177.7334
6 97 168.7824
6 98 273.974
6 99 208.3475
7 8 12.559
7 9 296.5279
7 10 138.8993
7 11 197.2641
7 12 70.6682
7 13 146.4845
7 14 143.9611
7 15 219.8857
7 16 235.7332
7 17 116.8085
7 18 257.529
7 19 229.1209
7 20 81.0561
7 21 219.1029
7 22 212.4063
7 23 249.3005
7 24 223.3847
7 25 150.5668
7 26 106.6635
7 27 286.761
7 28 82.4305
7 29 74.1402
7 30 227.6572
7 31 95.7792
7 32 24.7559
7 33 202.6753
7 34 33.4962
7 35 199.935
7 36 218.8865
7 37 10.019
7 38 85.1743
7 39 222.0964
7 40 272.9897
7 41 184.2933
7 42 90.4265
7 43 246.1052
7 44 218.0227
7 45 129.4178
7 46 293.2899
7 47 215.8632
7 48 5.0661
7 49 86.8003
7 50 180.5407
7 51 209.3134
7 52 80.9691
7 53 13.7493
7 54 251.42
7 55 108.6567
7 56 4.2206
7 57 37.2903
7 58 31.1095
7 59 259.8611
7 60 121.1998
7 61 116.5294
7 62 154.8393
7 63 207.2397
7 64 190.423
7 65 146.9867
7 66 16.1532
7 67 149.5608
7 68 219.8249
7 69 19.2496
7 70 93.2196
7 71 262.8826
7 72 215.3017
7 73 87.1393
7 74 45.5109
7 75 102.0645
7 76 150.5266
7 77 66.0413
7 78 244.0989
7 79 170.4155
7 80 99.263
7 81 117.4657
7 82 62.5475
7 83 240.827
7 84 119.3701
7 85 75.32
7 86 88.8725
7 87 49.6068
7 88 57.2556
7 89 141.2286
7 90 3.8721
7 91 47.7383
7 92 15.2265
7 93 55.9839
7 94 262.6666
7 95 114.546
7 96 21.6535
7 97 22.5555
7 98 143.4994
7 99 177.2625
8 9 103.6815
8 10 268.6409
8 11 60.2384
8 12 283.747
8 13 117.2887
8 14 45.6712
8 15 285.45
8 16 282.5637
8 17 10.2365
8 18 116.1349
8 19 280.9412
8 20 143.0284
8 21 8.1648
8 22 227.7127
8 23 251.5947
8 24 281.7648
8 25 78.6619
8 26 14.1451
8 27 117.8452
8 28 196.7395
8 29 75.6553
8 30 273.7639
8 31 198.339
8 32 108.9253
8 33 109.3975
8 34 249.5844
8 35 106.3394
8 36 221.0217
8 37 221.5739
8 38 181.2201
8 39 47.5201
8 40 241.5424
8 41 259.9433
8 42 164.259
8 43 198.1801
8 44 231.7177
8 45 127.9785
8 46 179.3049
8 47 116.4372
8 48 222.3381
8 49 105.2966
8 50 292.9681
8 51 119.3562
8 52 239.4684
8 53 296.8493
8 54 212.6412
8 55 28.7657
8 56 84.8582
8 57 257.493
8 58 285.9802
8 59 150.2749
8 60 117.7954
8 61 91.3147
8 62 44.535
8 63 277.6367
8 64 260.6236
8 65 239.4964
8 66 210.2536
8 67 170.589
8 68 299.7422
8 69 222.6619
8 70 78.0398
8 71 96.7879
8 72 165.0643
8 73 201.9847
8 74 130.1285
8 75 117.3718
8 76 191.5967
8 77 134.9495
8 78 92.1971
8 79 126.2856
8 80 264.3248
8 81 5.7126
8 82 160.4035
8 83 164.9385
8 84 250.8408
8 85 188.4206
8 86 199.3328
8 87 217.7379
8 88 29.6202
8 89 67.6423
8 90 8.4292
8 91 97.111
8 92 277.933
8 93 290.3514
8 94 27.0317
8 95 226.6959
8 96 26.4502
8 97 229.603
8 98 220.4001
8 99 235.8279
9 10 227.5892
9 11 142.4561
9 12 171.5875
9 13 259.2493
9 14 48.6682
9 15 204.6069
9 16 46.9216
9 17 276.6973
9 18 197.2821
9 19 48.1344
9 20 23.3778
9 21 186.9431
9 22 74.709
9 23 125.5785
9 24 156.6925
9 25 41.9163
9 26 282.0854
9 27 35.9921
9 28 180.0626
9 29 69.0215
9 30 78.9562
9 31 21.3093
9 32 4.1532
9 33 192.9649
9 34 115.7123
9 35 133.4573
9 36 233.0205
9 37 285.4676
9 38 107.4716
9 39 198.7961
9 40 162.2961
9 41 65.2249
9 42 65.5184
9 43 256.8729
9 44 64.4457
9 45 36.2908
9 46 48.9897
9 47 236.9464
9 48 42.2967
9 49 214.2923
9 50 139.5517
9 51 161.7476
9 52 265.2335
9 53 199.7303
9 54 97.9391
9 55 195.6369
9 56 261.7611
9 57 150.466
9 58 104.8159
9 59 147.1588
9 60 256.2286
9 61 60.5051
9 62 161.3878
9 63 114.9791
9 64 289.4341
9 65 100.723
9 66 68.7863
9 67 240.4693
9 68 158.542
9 69 225.8026
9 70 5.8617
9 71 49.487
9 72 203.7361
9 73 184.4133
9 74 273.4766
9 75 82.13
9 76 189.9362
9 77 86.3353
9 78 198.9329
9 79 179.3393
9 80 192.8956
9 81 34.8313
9 82 294.3255
9 83 103.1168
9 84 280.7099
9 85 104.0949
9 86 247.1103
9 87 7.9153
9 88 82.1656
9 89 241.9534
9 90 167.9484
9 91 79.0787
9 92 165.3559
9 93 196.8009
9 94 280.963
9 95 205.6163
9 96 24.0107
9 97 163.4793
9 98 288.0644
9 99 104.2585
10 11 269.9264
10 12 287.5819
10 13 262.2655
10 14 15.1645
10 15 93.8969
10 16 144.2546
10 17 80.6227
10 18 88.7742
10 19 252.2082
10 20 38.3925
10 21 273.5557
10 22 118.53
10 23 4.4955
10 24 17.0599
10 25 45.2739
10 26 38.2242
10 27 150.7774
10 28 194.8694
10 29 285.8259
10 30 69.5558
10 31 226.0611
10 32 155.5603
10 33 50.6933
10 34 156.0863
10 35 243.7391
10 36 18.1458
10 37 243.3677
10 38 237.6085
10 39 77.3904
10 40 73.7466
10 41 52.0588
10 42 194.3805
10 43 69.7955
10 44 181.7945
10 45 198.8956
10 46 74.5648
10 47 147.546
10 48 171.6351
10 49 238.8247
10 50 12.9102
10 51 277.4854
10 52 16.0907
10 53 238.8246
10 54 158.9286
10 55 10.2362
10 56 6.2469
10 57 299.8138
10 58 57.1137
10 59 181.7159
10 60 64.2096
10 61 102.9268
10 62 142.4118
10 63 177.6825
10 64 46.8251
10 65 201.9691
10 66 189.034
10 67 254.2567
10 68 107.8448
10 69 90.8752
10 70 227.1853
10 71 92.6953
10 72 289.3016
10 73 214.589
10 74 103.4588
10 75 2.2753
10 76 100.2488
10 77 124.9886
10 78 277.8104
10 79 24.5134
10 80 214.2299
10 81 191.1401
10 82 30.7782
10 83 268.328
10 84 186.1229
10 85 82.9832
10 86 48.7069
10 87 5.423
10 88 166.4211
10 89 243.3444
10 90 285.1169
10 91 12.4333
10 92 293.1105
10 93 150.6386
10 94 178.2021
10 95 60.6143
10 96 12.1816
10 97 191.3885
10 98 246.6784
10 99 210.1273
11 12 153.7903
11 13 80.1453
11 14 27.8736
11 15 112.1539
11 16 285.8406
11 17 68.9648
11 18 61.5055
11 19 219.3319
11 20 114.5547
11 21 281.5573
11 22 292.4547
11 23 89.5452
11 24 295.2194
11 25 185.3773
11 26 79.5954
11 27 239.5804
11 28 296.4003
11 29 68.5542
11 30 46.8576
11 31 207.1682
11 32 228.7544
11 33 103.0545
11 34 289.2247
11 35 11.631
11 36 79.0866
11 37 18.7574
11 38 168.7943
11 39 18.3069
11 40 188.9521
11 41 65.299
11 42 125.5878
11 43 150.0963
11 44 96.7521
11 45 180.3328
11 46 239.9301
11 47 60.1397
11 48 38.0118
11 49 168.0657
11 50 286.9087
11 51 178.6878
11 52 240.3523
11 53 210.1881
11 54 257.0296
11 55 271.3275
11 56 22.7079
11 57 299.7618
11 58 269.9502
11 59 269.722
11 60 270.6721
11 61 174.7593
11 62 234.4562
11 63 131.3288
11 64 39.8347
11 65 89.0547
11 66 271.791
11 67 87.4821
11 68 119.895
11 69 134.4095
11 70 144.1705
11 71 151.6219
11 72 32.1347
11 73 42.449
11 74 142.5157
11 75 15.1161
11 76 10.6804
11 77 156.2585
11 78 17.5058
11 79 256.6852
11 80 128.7936
11 81 197.9979
11 82 263.7668
11 83 157.2273
11 84 122.9497
11 85 114.2005
11 86 48.1184
11 87 171.8628
11 88 45.2501
11 89 245.1261
11 90 7.1698
11 91 216.4978
11 92 87.4184
11 93 297.6714
11 94 96.8346
11 95 94.9196
11 96 286.2761
11 97 166.5963
11 98 243.3465
11 99 287.3162
12 13 28.1345
12 14 14.3127
12 15 287.051
12 16 223.3954
12 17 137.0897
12 18 77.4315
12 19 215.0885
12 20 125.7391
12 21 143.9837
12 22 212.3854
12 23 205.7182
12 24 212.7985
12 25 189.1251
12 26 240.8049
12 27 266.6641
12 28 192.1511
12 29 284.4493
12 30 27.1017
12 31 85.4165
12 32 48.3075
12 33 293.0235
12 34 237.2462
12 35 278.2352
12 36 293.5274
12 37 101.0152
12 38 205.9809
12 39 96.3951
12 40 31.4546
12 41 26.4226
12 42 246.4779
12 43 188.6863
12 44 197.8429
12 45 169.0781
12 46 143.4689
12 47 235.9375
12 48 238.937
12 49 70.2396
12 50 132.0672
12 51 176.1382
12 52 288.5785
12 53 17.605
12 54 272.7644
12 55 116.4482
12 56 270.2759
12 57 290.1913
12 58 111.0418
12 59 69.5797
12 60 258.1357
12 61 204.3764
12 62 188.5117
12 63 150.275
12 64 66.0815
12 65 298.5447
12 66 258.2388
12 67 17.0805
12 68 274.753
12 69 219.8997
12 70 96.9756
12 71 299.9862
12 72 277.5981
12 73 225.4998
12 74 45.3824
12 75 124.9049
12 76 284.7814
12 77 72.5434
12 78 157.8215
12 79 104.1223
12 80 127.4496
12 81 291.1843
12 82 112.8325
12 83 77.58
12 84 238.3938
12 85 175.3281
12 86 85.0844
12 87 214.7296
12 88 270.874
12 89 66.9179
12 90 25.0781
12 91 186.5194
12 92 209.3227
12 93 152.077
12 94 243.5364
12 95 260.4059
12 96 212.887
12 97 135.793
12 98 140.9243
12 99 165.8236
13 14 239.5394
13 15 78.128
13 16 27.1477
13 17 102.0366
13 18 255.5572
13 19 2.4673
13 20 2.225
13 21 121.7147
13 22 150.0247
13 23 266.2914
13 24 293.0547
13 25 144.0291
13 26 213.2154
13 27 224.6265
13 28 215.0615
13 29 238.3956
13 30 163.2851
13 31 116.6779
13 32 219.6645
13 33 204.7937
13 34 67.9569
13 35 286.2849
13 36 278.8201
13 37 88.6469
13 38 80.656
13 39 245.4608
13 40 1.189
13 41 59.3984
13 42 86.1581
13 43 243.9645
13 44 8.5948
13 45 101.3649
13 46 155.7921
13 47 105.3804
13 48 246.0062
13 49 45.8412
13 50 79.0798
13 51 19.2399
13 52 19.3696
13 53 166.133
13 54 45.4927
13 55 84.6302
13 56 182.0634
13 57 56.0465
13 58 233.8938
13 59 266.9243
13 60 272.301
13 61 119.7353
13 62 24.5557
13 63 252.9119
13 64 293.6018
13 65 265.2977
13 66 246.6245
13 67 175.2464
13 68 54.0761
13 69 57.0022
13 70 244.5168
13 71 291.2303
13 72 177.8933
13 73 235.4544
13 74 269.3018
13 75 250.5062
13 76 27.9095
13 77 52.7664
13 78 155.6941
13 79 286.2621
13 80 111.0642
13 81 276.6496
13 82 114.6819
13 83 111.9397
13 84 236.2007
13 85 283.6123
13 86 256.5758
13 87 287.7213
13 88 297.2486
13 89 154.7085
13 90 281.5322
13 91 287.9228
13 92 134.4538
13 93 238.9185
13 94 112.9405
13 95 42.1816
13 96 223.801
13 97 10.4658
13 98 92.5574
13 99 56.5324
14 15 225.5304
14 16 83.3515
14 17 11.2959
14 18 204.6051
14 19 13.7111
14 20 260.0278
14 21 125.407
14 22 252.3002
14 23 275.0568
14 24 196.1016
14 25 176.6848
14 26 154.6489
14 27 88.495
14 28 63.8922
14 29 46.0715
14 30 234.0369
14 31 27.4512
14 32 107.7561
14 33 160.0809
14 34 205.5159
14 35 276.2115
14 36 286.2594
14 37 237.2149
14 38 178.8062
14 39 57.4108
14 40 145.2871
14 41 112.6914
14 42 250.7794
14 43 160.9172
14 44 115.8296
14 45 24.8478
14 46 134.1651
14 47 106.7059
14 48 234.052
14 49 171.7332
14 50 146.9502
14 51 288.6767
14 52 136.9062
14 53 224.8175
14 54 250.5352
14 55 285.1009
14 56 297.399
14 57 150.5061
14 58 165.7207
14 59 131.1638
14 60 74.2053
14 61 169.887
14 62 104.4325
14 63 191.2895
14 64 201.4661
14 65 263.6781
14 66 33.0051
14 67 275.164
14 68 77.6438
14 69 167.9441
14 70 235.3436
14 71 22.6581
14 72 16.9332
14 73 283.2418
14 74 95.7805
14 75 27.5714
14 76 36.3762
14 77 218.2617
14 78 280.3756
14 79 16.6338
14 80 115.8816
14 81 109.5654
14 82 267.0184
14 83 139.6378
14 84 167.1262
14 85 87.2449
14 86 7.0741
14 87 16.6105
14 88 230.1771
14 89 172.0225
14 90 220.8019
14 91 105.6229
14 92 45.9876
14 93 141.4636
14 94 231.027
14 95 47.9417
14 96 17.142
14 97 188.6313
14 98 290.683
14 99 271.0287
15 16 61.1431
15 17 271.9438
15 18 211.6359
15 19 244.0087
15 20 92.8015
15 21 4.4971
15 22 146.3492
15 23 35.9711
15 24 92.81
15 25 117.6021
15 26 152.902
15 27 267.5892
15 28 100.66
15 29 276.1032
15 30 250.4534
15 31 275.8336
15 32 236.6972
15 33 66.3333
15 34 60.8195
15 35 228.7546
15 36 77.6454
15 37 290.336
15 38 7.2152
15 39 139.438
15 40 230.2267
15 41 122.5713
15 42 268.4748
15 43 206.3439
15 44 120.4074
15 45 85.6168
15 46 190.5568
15 47 125.947
15 48 40.1532
15 49 136.3988
15 50 40.7711
15 51 51.0353
15 52 220.3644
15 53 98.693
15 54 189.5568
15 55 25.8915
15 56 33.0539
15 57 109.0823
15 58 104.0707
15 59 273.616
15 60 156.5435
15 61 203.7087
15 62 189.2524
15 63 53.7685
15 64 197.7302
15 65 259.6226
15 66 7.6199
15 67 205.0136
15 68 193.9832
15 69 92.0329
15 70 215.7088
15 71 182.3687
15 72 210.1601
15 73 7.4957
15 74 238.4216
15 75 252.822
15 76 120.4336
15 77 182.8694
15 78 66.2967
15 79 51.5035
15 80 230.5479
15 81 31.8105
15 82 213.3512
15 83 149.8048
15 84 32.2493
15 85 177.5186
15 86 17.5535
15 87 284.945
15 88 53.1637
15 89 31.1786
15 90 102.9794
15 91 60.1582
15 92 282.4657
15 93 216.4607
15 94 245.5641
15 95 292.6535
15 96 36.8534
15 97 61.3158
15 98 153.1059
15 99 176.4777
16 17 216.5664
16 18 272.0859
16 19 237.6825
16 20 24.7273
16 21 57.6129
16 22 135.2415
16 23 61.3507
16 24 65.2442
16 25 73.7147
16 26 140.5944
16 27 220.5014
16 28 130.458
16 29 93.6251
16 30 23.123
16 31 123.4364
16 32 195.2965
16 33 127.078
16 34 15.8945
16 35 29.6071
16 36 55.5234
16 37 211.5801
16 38 113.8474
16 39 91.7303
16 40 206.829
16 41 205.6641
16 42 98.6863
16 43 159.1267
16 44 203.7928
16 45 44.642
16 46 193.9221
16 47 220.1944
16 48 116.571
16 49 288.718
16 50 168.1144
16 51 191.4665
16 52 290.812
16 53 71.8541
16 54 83.0726
16 55 38.3149
16 56 178.8298
16 57 270.9152
16 58 252.2948
16 59 161.2682
16 60 129.2707
16 61 68.1222
16 62 1.7711
16 63 196.5579
16 64 6.9507
16 65 102.2977
16 66 272.1315
16 67 147.4251
16 68 299.4416
16 69 109.8334
16 70 215.5824
16 71 275.2116
16 72 105.2407
16 73 130.7587
16 74 201.9995
16 75 61.7627
16 76 105.6544
16 77 174.078
16 78 168.7285
16 79 154.171
16 80 243.7464
16 81 196.0967
16 82 180.0563
16 83 280.5358
16 84 74.1462
16 85 118.9379
16 86 73.9306
16 87 295.7986
16 88 107.3292
16 89 174.4923
16 90 114.6756
16 91 292.849
16 92 279.9401
16 93 207.9974
16 94 244.9939
16 95 152.1489
16 96 92.5746
16 97 249.8763
16 98 111.1166
16 99 291.6367
17 18 34.4013
17 19 205.9131
17 20 114.5836
17 21 117.3305
17 22 208.0648
17 23 94.0175
17 24 31.7581
17 25 184.3112
17 26 13.4
17 27 33.274
17 28 180.7732
17 29 267.8945
17 30 195.6973
17 31 212.6005
17 32 237.0702
17 33 78.8295
17 34 33.2349
17 35 29.0464
17 36 263.9725
17 37 188.2171
17 38 30.1599
17 39 57.354
17 40 118.5792
17 41 51.6084
17 42 182.9263
17 43 6.3667
17 44 51.82
17 45 217.4182
17 46 64.5574
17 47 41.341
17 48 18.8004
17 49 188.1647
17 50 268.7048
17 51 247.4067
17 52 194.1107
17 53 91.8507
17 54 19.2146
17 55 185.18
17 56 106.5464
17 57 277.9104
17 58 155.9682
17 59 224.7101
17 60 222.4937
17 61 112.3744
17 62 107.9946
17 63 110.0444
17 64 143.4222
17 65 224.8464
17 66 207.3483
17 67 18.8627
17 68 155.5682
17 69 165.5181
17 70 23.159
17 71 199.5488
17 72 128.6888
17 73 130.0161
17 74 217.2426
17 75 287.613
17 76 13.3689
17 77 86.4749
17 78 283.5575
17 79 184.8259
17 80 294.2702
17 81 124.2393
17 82 150.1851
17 83 96.7595
17 84 79.6926
17 85 154.5368
17 86 272.552
17 87 3.9112
17 88 235.1962
17 89 90.5249
17 90 161.0784
17 91 262.4704
17 92 176.0823
17 93 186.5848
17 94 245.4505
17 95 187.1472
17 96 117.7774
17 97 181.3001
17 98 229.3195
17 99 79.4927
18 19 128.4475
18 20 107.624
18 21 56.926
18 22 238.4241
18 23 72.3886
18 24 189.0491
18 25 73.9494
18 26 249.5915
18 27 89.8221
18 28 14.3095
18 29 110.5143
18 30 180.9474
18 31 144.6342
18 32 110.0992
18 33 27.089
18 34 254.9157
18 35 227.4688
18 36 169.7505
18 37 13.1415
18 38 21.5827
18 39 270.6578
18 40 133.991
18 41 130.4043
18 42 257.8789
18 43 222.8341
18 44 115.8747
18 45 254.7108
18 46 240.0579
18 47 86.8401
18 48 161.1547
18 49 293.9126
18 50 135.2906
18 51 72.2417
18 52 53.3031
18 53 123.779
18 54 280.4439
18 55 236.5597
18 56 163.5513
18 57 226.7963
18 58 42.3742
18 59 185.2366
18 60 96.5565
18 61 19.8902
18 62 274.6928
18 63 60.0377
18 64 221.6087
18 65 79.9414
18 66 128.8175
18 67 279.1572
18 68 226.4842
18 69 250.4487
18 70 174.8971
18 71 216.5108
18 72 290.9236
18 73 97.636
18 74 130.7251
18 75 261.4658
18 76 217.9335
18 77 22.1081
18 78 206.334
18 79 109.7047
18 80 277.602
18 81 196.8165
18 82 211.9701
18 83 35.5291
18 84 228.8935
18 85 237.1534
18 86 13.9857
18 87 86.5693
18 88 120.5721
18 89 13.9866
18 90 64.6584
18 91 9.4764
18 92 208.376
18 93 265.2317
18 94 176.2365
18 95 164.8787
18 96 53.7299
18 97 110.4059
18 98 121.1754
18 99 1.3781
19 20 38.1042
19 21 232.3061
19 22 130.2448
19 23 7.8206
19 24 49.0675
19 25 253.8927
19 26 196.3166
19 27 140.4201
19 28 159.1863
19 29 47.0105
19 30 225.994
19 31 98.2807
19 32 3.8089
19 33 74.1673
19 34 222.7619
19 35 6.4747
19 36 33.7214
19 37 286.3349
19 38 261.3451
19 39 190.5002
19 40 125.8205
19 41 65.3477
19 42 225.4074
19 43 199.8175
19 44 1.645
19 45 70.2313
19 46 194.1423
19 47 3.8972
19 48 28.0165
19 49 251.8523
19 50 173.1402
19 51 253.0925
19 52 90.2257
19 53 204.9741
19 54 104.6565
19 55 51.0933
19 56 29.241
19 57 258.3094
19 58 80.5179
19 59 12.0304
19 60 54.124
19 61 19.2875
19 62 83.1293
19 63 290.508
19 64 292.5253
19 65 192.6653
19 66 270.5366
19 67 46.1042
19 68 194.1577
19 69 67.5634
19 70 250.5262
19 71 51.9518
19 72 81.0668
19 73 31.3805
19 74 272.1331
19 75 252.7548
19 76 160.1771
19 77 161.5253
19 78 196.6661
19 79 296.133
19 80 110.0778
19 81 71.661
19 82 263.7986
19 83 261.0063
19 84 168.9887
19 85 144.1775
19 86 4.5116
19 87 172.2335
19 88 286.1859
19 89 169.2884
19 90 162.8597
19 91 49.1577
19 92 8.1789
19 93 260.2181
19 94 75.7152
19 95 4.6371
19 96 32.3621
19 97 293.6426
19 98 93.2995
19 99 139.491
20 21 288.9128
20 22 83.3977
20 23 73.7598
20 24 298.2637
20 25 71.9394
20 26 41.8916
20 27 215.9216
20 28 91.9148
20 29 77.9636
20 30 10.0505
20 31 279.3547
20 32 29.1946
20 33 252.3668
20 34 60.4758
20 35 173.2081
20 36 149.0262
20 37 152.3791
20 38 100.8125
20 39 15.9482
20 40 255.412
20 41 28.7248
20 42 52.8668
20 43 233.1804
20 44 66.5957
20 45 109.9992
20 46 141.9835
20 47 79.3327
20 48 290.9061
20 49 139.792
20 50 198.4749
20 51 89.9913
20 52 153.2423
20 53 248.9362
20 54 80.1807
20 55 22.4265
20 56 79.3502
20 57 5.0848
20 58 278.3741
20 59 112.94
20 60 33.5801
20 61 206.9312
20 62 212.2543
20 63 106.171
20 64 235.7848
20 65 299.4766
20 66 274.8024
20 67 173.1714
20 68 166.8407
20 69 122.1997
20 70 114.4509
20 71 238.3224
20 72 233.5219
20 73 130.734
20 74 51.1895
20 75 149.7145
20 76 182.0665
20 77 88.88
20 78 187.1049
20 79 241.9089
20 80 249.2646
20 81 191.5974
20 82 236.8427
20 83 40.3884
20 84 283.061
20 85 147.8077
20 86 210.7135
20 87 293.9891
20 88 257.7836
20 89 15.1971
20 90 176.8399
20 91 90.2005
20 92 177.0385
20 93 65.0429
20 94 140.6953
20 95 130.3774
20 96 230.7538
20 97 254.9935
20 98 282.9881
20 99 91.2197
21 22 259.4286
21 23 131.0192
21 24 123.8932
21 25 62.5446
21 26 139.8699
21 27 181.4125
21 28 105.4314
21 29 229.7958
21 30 48.9005
21 31 232.9933
21 32 21.9097
21 33 231.1235
21 34 150.8363
21 35 228.8449
21 36 136.6863
21 37 74.046
21 38 46.7174
21 39 118.3016
21 40 99.3588
21 41 210.8789
21 42 87.6726
21 43 126.4268
21 44 168.1634
21 45 285.0175
21 46 234.7359
21 47 158.3364
21 48 203.5536
21 49 230.908
21 50 37.8456
21 51 28.4904
21 52 101.7664
21 53 78.6648
21 54 89.3118
21 55 169.2656
21 56 79.0025
21 57 109.2571
21 58 282.3688
21 59 205.9863
21 60 75.0761
21 61 168.6863
21 62 208.664
21 63 169.1985
21 64 221.0792
21 65 80.2599
21 66 81.3271
21 67 259.4261
21 68 93.2421
21 69 168.5455
21 70 261.1625
21 71 76.0233
21 72 132.6654
21 73 185.5196
21 74 101.887
21 75 41.1119
21 76 119.7439
21 77 138.5587
21 78 7.6262
21 79 43.5051
21 80 260.8972
21 81 93.7908
21 82 202.306
21 83 74.0327
21 84 161.2835
21 85 44.8952
21 86 200.6845
21 87 76.5656
21 88 150.6198
21 89 249.1795
21 90 145.0976
21 91 113.5882
21 92 15.9903
21 93 38.4925
21 94 172.4492
21 95 72.6832
21 96 227.391
21 97 224.965
21 98 139.8333
21 99 276.5853
22 23 209.9925
22 24 227.1033
22 25 228.3209
22 26 85.9143
22 27 120.5894
22 28 248.4746
22 29 10.8969
22 30 254.5834
22 31 128.6958
22 32 220.6619
22 33 139.5541
22 34 253.0657
22 35 230.9407
22 36 44.2701
22 37 20.2351
22 38 62.7896
22 39 93.4889
22 40 189.0303
22 41 208.2514
22 42 299.2402
22 43 238.2888
22 44 272.712
22 45 260.5901
22 46 172.8682
22 47 1.5829
22 48 99.6333
22 49 20.9033
22 50 108.7948
22 51 86.519
22 52 105.7967
22 53 89.9923
22 54 202.6854
22 55 189.8728
22 56 218.0305
22 57 189.4815
22 58 90.6198
22 59 49.1016
22 60 227.1632
22 61 224.7091
22 62 162.9902
22 63 238.7715
22 64 96.5084
22 65 60.0603
22 66 173.1282
22 67 295.4973
22 68 123.7001
22 69 69.0389
22 70 94.1987
22 71 287.8954
22 72 15.9642
22 73 205.7792
22 74 151.8467
22 75 258.7075
22 76 299.0828
22 77 295.1054
22 78 264.8424
22 79 284.3806
22 80 234.4954
22 81 221.8178
22 82 52.6345
22 83 169.5084
22 84 102.0476
22 85 103.7248
22 86 14.558
22 87 275.7256
22 88 22.8021
22 89 105.4405
22 90 99.5828
22 91 182.9228
22 92 194.933
22 93 151.9886
22 94 165.8652
22 95 93.7214
22 96 182.4677
22 97 295.8127
22 98 241.3534
22 99 289.8023
23 24 67.9302
23 25 142.2386
23 26 196.7974
23 27 266.6057
23 28 2.9849
23 29 85.8307
23 30 28.7636
23 31 252.1527
23 32 26.8997
23 33 267.74
23 34 41.348
23 35 289.4772
23 36 268.0998
23 37 123.2148
23 38 4.4006
23 39 249.9992
23 40 98.5788
23 41 168.4724
23 42 141.7995
23 43 105.4162
23 44 137.7534
23 45 56.0585
23 46 37.1394
23 47 296.5356
23 48 164.3699
23 49 13.5923
23 50 60.9244
23 51 242.0875
23 52 236.1656
23 53 77.5065
23 54 269.2522
23 55 11.4509
23 56 269.9385
23 57 17.6692
23 58 101.7733
23 59 229.0654
23 60 233.3762
23 61 209.4585
23 62 210.212
23 63 43.0308
23 64 296.6052
23 65 34.7953
23 66 110.0868
23 67 286.2054
23 68 85.0973
23 69 13.8649
23 70 41.9001
23 71 188.3488
23 72 161.3523
23 73 39.6774
23 74 162.07
23 75 6.7654
23 76 78.0675
23 77 227.1175
23 78 152.936
23 79 102.2327
23 80 278.1516
23 81 71.4827
23 82 155.7243
23 83 292.2801
23 84 244.1894
23 85 186.6485
23 86 172.0341
23 87 165.5005
23 88 104.386
23 89 109.2112
23 90 164.3428
23 91 62.6787
23 92 179.4758
23 93 42.4787
23 94 208.2083
23 95 192.8976
23 96 109.3319
23 97 261.4366
23 98 258.8849
23 99 186.2336
24 25 38.4555
24 26 175.484
24 27 197.6216
24 28 104.7365
24 29 99.9597
24 30 27.1894
24 31 190.7717
24 32 53.8363
24 33 145.5711
24 34 224.4228
24 35 41.9249
24 36 264.4823
24 37 207.553
24 38 20.8354
24 39 192.7939
24 40 217.2969
24 41 71.0611
24 42 51.0402
24 43 83.9006
24 44 224.2282
24 45 170.5748
24 46 263.0297
24 47 159.9232
24 48 134.7642
24 49 29.4058
24 50 197.9553
24 51 292.2851
24 52 122.0572
24 53 285.6652
24 54 116.293
24 55 53.4957
24 56 256.8223
24 57 173.7575
24 58 3.159
24 59 20.1984
24 60 193.2978
24 61 45.4672
24 62 88.6725
24 63 236.5273
24 64 34.0085
24 65 33.4334
24 66 184.7052
24 67 17.323
24 68 19.849
24 69 114.7663
24 70 274.8218
24 71 75.1827
24 72 238.4162
24 73 96.861
24 74 45.5027
24 75 46.1227
24 76 264.611
24 77 137.9561
24 78 54.7744
24 79 181.0622
24 80 145.3827
24 81 135.3919
24 82 195.6332
24 83 226.8831
24 84 94.3591
24 85 72.8683
24 86 206.5095
24 87 159.2286
24 88 5.3692
24 89 111.8572
24 90 11.9233
24 91 91.2987
24 92 242.5724
24 93 137.2691
24 94 247.9839
24 95 26.7729
24 96 286.9848
24 97 131.0043
24 98 94.279
24 99 42.6444
25 26 283.585
25 27 89.04
25 28 276.4989
25 29 293.9102
25 30 47.4352
25 31 27.979
25 32 77.3118
25 33 201.8645
25 34 259.3707
25 35 182.58
25 36 44.3221
25 37 299.5589
25 38 290.1486
25 39 219.37
25 40 11.0965
25 41 151.5894
25 42 225.8736
25 43 118.5974
25 44 135.3372
25 45 77.7182
25 46 184.6277
25 47 95.6767
25 48 256.8144
25 49 5.3183
25 50 170.8682
25 51 284.4984
25 52 208.1418
25 53 199.0466
25 54 240.415
25 55 48.2906
25 56 248.1801
25 57 255.6954
25 58 32.3291
25 59 168.9319
25 60 258.5732
25 61 95.3662
25 62 208.2436
25 63 260.236
25 64 164.3587
25 65 84.7321
25 66 86.3807
25 67 132.5716
25 68 69.7601
25 69 75.4779
25 70 175.8539
25 71 286.1317
25 72 50.0212
25 73 248.6673
25 74 170.5572
25 75 106.7465
25 76 294.0732
25 77 214.1003
25 78 27.7365
25 79 230.0468
25 80 98.5044
25 81 163.1817
25 82 79.5839
25 83 226.9448
25 84 97.311
25 85 251.7606
25 86 202.4984
25 87 85.71
25 88 154.6188
25 89 86.9744
25 90 233.6859
25 91 21.7797
25 92 26.4605
25 93 286.8611
25 94 175.1112
25 95 183.8599
25 96 288.3837
25 97 103.5605
25 98 135.4695
25 99 108.2492
26 27 169.6237
26 28 265.1407
26 29 188.036
26 30 47.8892
26 31 67.7577
26 32 279.0031
26 33 261.4159
26 34 129.3297
26 35 264.2652
26 36 90.6441
26 37 107.0815
26 38 7.9088
26 39 148.148
26 40 63.5803
26 41 233.8131
26 42 98.5714
26 43 275.5276
26 44 158.1275
26 45 221.6949
26 46 90.181
26 47 246.4167
26 48 214.3696
26 49 136.1343
26 50 182.3158
26 51 11.9585
26 52 48.6334
26 53 77.4206
26 54 39.8392
26 55 12.18
26 56 218.7749
26 57 255.6178
26 58 155.3439
26 59 140.7391
26 60 167.1327
26 61 88.2224
26 62 70.5834
26 63 39.1852
26 64 292.3432
26 65 168.6255
26 66 44.7602
26 67 60.9585
26 68 220.94
26 69 62.5894
26 70 282.9377
26 71 193.4657
26 72 62.3131
26 73 140.1135
26 74 3.3473
26 75 50.0838
26 76 180.0862
26 77 256.9229
26 78 133.0046
26 79 27.9859
26 80 27.1153
26 81 190.7171
26 82 55.5702
26 83 227.3771
26 84 253.8721
26 85 27.858
26 86 46.5692
26 87 83.2342
26 88 262.5658
26 89 177.8928
26 90 297.3135
26 91 66.9778
26 92 15.4986
26 93 76.1827
26 94 217.9299
26 95 47.7114
26 96 132.8092
26 97 114.8193
26 98 218.4106
26 99 119.5987
27 28 198.051
27 29 61.046
27 30 186.4711
27 31 93.4988
27 32 52.339
27 33 61.6448
27 34 154.34
27 35 62.6286
27 36 8.4454
27 37 176.5325
27 38 274.589
27 39 92.1417
27 40 63.2297
27 41 194.522
27 42 64.5566
27 43 204.1249
27 44 297.1151
27 45 6.3781
27 46 288.5441
27 47 295.3524
27 48 131.4526
27 49 259.4434
27 50 29.5471
27 51 82.4507
27 52 169.83
27 53 77.0515
27 54 12.2342
27 55 225.1246
27 56 292.9075
27 57 111.3343
27 58 83.6016
27 59 40.2689
27 60 264.4503
27 61 217.9503
27 62 193.6231
27 63 106.6033
27 64 41.8284
27 65 212.149
27 66 131.5175
27 67 267.5833
27 68 267.4802
27 69 77.432
27 70 212.1608
27 71 188.2046
27 72 97.4363
27 73 10.8667
27 74 106.7152
27 75 51.9196
27 76 135.502
27 77 76.1132
27 78 285.7102
27 79 52.4406
27 80 12.021
27 81 169.9761
27 82 166.8686
27 83 174.832
27 84 282.5973
27 85 260.5623
27 86 283.4787
27 87 239.2015
27 88 75.9683
27 89 268.1266
27 90 122.1936
27 91 289.0161
27 92 8.9986
27 93 278.4442
27 94 263.8806
27 95 185.3383
27 96 295.9382
27 97 183.6021
27 98 266.896
27 99 98.3292
28 29 123.3663
28 30 6.0232
28 31 220.7939
28 32 226.9922
28 33 24.2524
28 34 163.8952
28 35 37.8849
28 36 114.5024
28 37 48.304
28 38 6.4704
28 39 242.7642
28 40 230.6431
28 41 41.3964
28 42 140.1267
28 43 211.4048
28 44 291.6498
28 45 258.759
28 46 192.8292
28 47 286.9581
28 48 41.8799
28 49 241.1028
28 50 230.6112
28 51 109.067
28 52 170.4152
28 53 132.2509
28 54 54.4896
28 55 89.9459
28 56 19.0048
28 57 127.6723
28 58 112.7106
28 59 136.8121
28 60 10.1121
28 61 214.7246
28 62 152.4573
28 63 223.5901
28 64 237.2353
28 65 142.1981
28 66 101.1083
28 67 158.1114
28 68 245.6625
28 69 230.0656
28 70 175.3741
28 71 76.3395
28 72 214.9937
28 73 264.6089
28 74 124.3145
28 75 113.2681
28 76 21.506
28 77 9.1873
28 78 69.5753
28 79 5.7194
28 80 207.9426
28 81 80.6612
28 82 241.4015
28 83 81.8813
28 84 278.6731
28 85 112.8529
28 86 288.1028
28 87 282.2567
28 88 2.4179
28 89 146.0334
28 90 56.7322
28 91 55.8972
28 92 257.8789
28 93 133.4134
28 94 11.6186
28 95 237.8836
28 96 266.0903
28 97 45.0374
28 98 7.2255
28 99 196.3505
29 30 159.9434
29 31 294.3836
29 32 231.7829
29 33 113.0704
29 34 292.2998
29 35 28.5971
29 36 194.2484
29 37 115.8889
29 38 268.3698
29 39 123.1001
29 40 94.5644
29 41 163.6592
29 42 92.5281
29 43 268.7893
29 44 260.9753
29 45 150.3292
29 46 234.1519
29 47 272.0064
29 48 105.4397
29 49 193.034
29 50 42.4348
29 51 30.4654
29 52 102.9151
29 53 200.5651
29 54 102.5868
29 55 261.5117
29 56 104.6801
29 57 47.7553
29 58 173.6008
29 59 232.5948
29 60 62.5724
29 61 125.6435
29 62 198.9974
29 63 138.9312
29 64 183.0832
29 65 164.8728
29 66 59.9357
29 67 255.2181
29 68 238.0346
29 69 223.3663
29 70 241.2046
29 71 148.3731
29 72 182.1402
29 73 114.1392
29 74 21.0537
29 75 52.6495
29 76 185.1429
29 77 212.2606
29 78 91.3897
29 79 68.6463
29 80 231.9022
29 81 104.9846
29 82 95.8531
29 83 164.6063
29 84 261.1431
29 85 206.8038
29 86 6.2236
29 87 173.6782
29 88 230.9933
29 89 68.3048
29 90 121.7822
29 91 17.7807
29 92 238.5231
29 93 241.274
29 94 5.644
29 95 35.6707
29 96 61.9953
29 97 268.8532
29 98 30.8861
29 99 8.3951
30 31 189.5948
30 32 81.813
30 33 48.327
30 34 84.0844
30 35 224.8862
30 36 4.2088
30 37 20.3517
30 38 260.7117
30 39 168.2781
30 40 296.3307
30 41 18.4763
30 42 226.3944
30 43 26.3386
30 44 248.4436
30 45 295.4756
30 46 173.6688
30 47 245.1177
30 48 155.2162
30 49 110.0276
30 50 95.3667
30 51 80.1089
30 52 15.2569
30 53 51.0119
30 54 264.8964
30 55 68.4275
30 56 136.545
30 57 257.0923
30 58 171.2353
30 59 269.1622
30 60 10.7093
30 61 242.8077
30 62 295.1987
30 63 187.1335
30 64 233.3148
30 65 37.1846
30 66 42.169
30 67 99.4614
30 68 16.038
30 69 201.8691
30 70 230.8075
30 71 295.7568
30 72 153.2823
30 73 76.9627
30 74 183.749
30 75 205.5763
30 76 39.2534
30 77 274.4579
30 78 217.6743
30 79 63.7478
30 80 176.6877
30 81 156.0024
30 82 225.6597
30 83 181.9089
30 84 255.0136
30 85 81.5524
30 86 142.6612
30 87 103.4016
30 88 48.9237
30 89 80.7544
30 90 49.7179
30 91 250.8553
30 92 77.0684
30 93 156.5076
30 94 148.9929
30 95 153.2812
30 96 241.965
30 97 144.3897
30 98 8.2419
30 99 164.4661
31 32 38.8958
31 33 290.3531
31 34 122.9559
31 35 11.0759
31 36 10.2206
31 37 90.6103
31 38 23.4414
31 39 180.0209
31 40 127.1962
31 41 8.7634
31 42 34.3456
31 43 296.8182
31 44 278.9725
31 45 23.92
31 46 157.4321
31 47 6.2161
31 48 25.4112
31 49 128.9033
31 50 18.6409
31 51 185.3993
31 52 282.2755
31 53 6.3152
31 54 248.1607
31 55 197.8433
31 56 261.7648
31 57 194.8864
31 58 164.6284
31 59 91.6678
31 60 158.6532
31 61 206.9241
31 62 246.7933
31 63 154.3035
31 64 175.319
31 65 213.8361
31 66 15.2396
31 67 139.0565
31 68 250.4591
31 69 260.8695
31 70 100.1433
31 71 268.9663
31 72 273.0986
31 73 92.3479
31 74 252.8949
31 75 94.3291
31 76 233.6858
31 77 123.0766
31 78 109.6633
31 79 83.4288
31 80 285.2334
31 81 237.4297
31 82 139.7558
31 83 116.7668
31 84 299.4801
31 85 153.5941
31 86 196.0023
31 87 154.1444
31 88 132.9595
31 89 33.0043
31 90 101.9244
31 91 143.4547
31 92 115.2555
31 93 265.9641
31 94 70.2395
31 95 152.1177
31 96 236.3041
31 97 40.6702
31 98 94.9265
31 99 164.9188
32 33 52.1575
32 34 74.8045
32 35 83.6986
32 36 243.3869
32 37 29.0872
32 38 246.7734
32 39 123.6125
32 40 150.8712
32 41 132.8918
32 42 94.3203
32 43 283.3368
32 44 47.1836
32 45 157.4066
32 46 212.0705
32 47 111.2786
32 48 265.0009
32 49 165.2349
32 50 185.9959
32 51 184.7282
32 52 82.1807
32 53 42.9886
32 54 258.1281
32 55 119.9972
32 56 60.3261
32 57 86.6451
32 58 199.6089
32 59 290.3258
32 60 26.2542
32 61 172.2724
32 62 275.5119
32 63 30.6684
32 64 259.4274
32 65 201.86
32 66 94.365
32 67 210.8656
32 68 105.4808
32 69 93.7593
32 70 7.7246
32 71 161.7992
32 72 288.1916
32 73 45.6861
32 74 247.6561
32 75 144.2872
32 76 118.5023
32 77 44.2359
32 78 102.1397
32 79 152.8204
32 80 99.9615
32 81 194.6149
32 82 278.5071
32 83 39.5535
32 84 218.0739
32 85 148.04
32 86 177.0878
32 87 298.2958
32 88 200.6813
32 89 130.401
32 90 54.4747
32 91 12.4254
32 92 258.6262
32 93 175.7273
32 94 158.765
32 95 204.3016
32 96 47.3232
32 97 52.6948
32 98 134.631
32 99 211.7065
33 34 181.4105
33 35 65.3926
33 36 127.7176
33 37 94.2614
33 38 117.0067
33 39 87.2187
33 40 206.9925
33 41 93.8443
33 42 296.9807
33 43 16.891
33 44 222.895
33 45 228.8589
33 46 261.6457
33 47 189.5117
33 48 255.5533
33 49 95.2175
33 50 228.9802
33 51 44.8663
33 52 49.277
33 53 169.6029
33 54 76.8054
33 55 130.7551
33 56 223.0803
33 57 175.3761
33 58 279.1481
33 59 176.1558
33 60 120.2653
33 61 82.1418
33 62 171.0128
33 63 280.3116
33 64 259.7672
33 65 10.0573
33 66 217.1494
33 67 45.3026
33 68 279.1609
33 69 149.2103
33 70 173.8078
33 71 214.136
33 72 105.3244
33 73 84.1802
33 74 274.5426
33 75 294.6826
33 76 119.357
33 77 71.7496
33 78 193.6164
33 79 94.4725
33 80 148.3098
33 81 253.144
33 82 269.6974
33 83 64.8884
33 84 129.4134
33 85 192.708
33 86 213.9434
33 87 71.0717
33 88 18.5878
33 89 46.1694
33 90 239.4117
33 91 255.6059
33 92 63.2293
33 93 288.4606
33 94 51.3247
33 95 8.966
33 96 155.3496
33 97 226.2508
33 98 260.4347
33 99 202.6884
34 35 163.1937
34 36 37.4694
34 37 89.0644
34 38 287.2791
34 39 287.5687
34 40 107.5835
34 41 18.4626
34 42 11.8955
34 43 89.4022
34 44 103.3658
34 45 252.4462
34 46 102.2824
34 47 104.0894
34 48 28.967
34 49 50.1165
34 50 85.2943
34 51 171.9887
34 52 43.8081
34 53 203.6965
34 54 79.9102
34 55 85.1528
34 56 1.196
34 57 258.2825
34 58 207.047
34 59 173.0108
34 60 2.2603
34 61 119.6888
34 62 44.7602
34 63 125.3462
34 64 190.874
34 65 45.0284
34 66 163.8663
34 67 124.5197
34 68 223.5627
34 69 297.6114
34 70 146.0268
34 71 280.5464
34 72 78.9715
34 73 231.1805
34 74 199.2568
34 75 198.6111
34 76 184.6036
34 77 148.9139
34 78 266.0706
34 79 225.7315
34 80 153.6214
34 81 54.0474
34 82 145.7749
34 83 204.2325
34 84 161.8249
34 85 181.6785
34 86 249.0346
34 87 12.9791
34 88 109.252
34 89 152.8794
34 90 16.9041
34 91 119.977
34 92 70.8548
34 93 243.8838
34 94 200.7703
34 95 242.1884
34 96 62.9694
34 97 32.6169
34 98 40.341
34 99 279.175
35 36 9.6055
35 37 63.7752
35 38 234.4866
35 39 180.8248
35 40 48.4417
35 41 208.7817
35 42 119.9714
35 43 261.3326
35 44 90.8676
35 45 95.5822
35 46 297.8304
35 47 271.9632
35 48 90.2014
35 49 231.5835
35 50 27.7899
35 51 263.387
35 52 218.7833
35 53 258.8668
35 54 106.4068
35 55 138.5012
35 56 39.8837
35 57 227.3294
35 58 67.9643
35 59 89.3849
35 60 19.3431
35 61 21.7717
35 62 224.6977
35 63 56.7239
35 64 177.4199
35 65 220.6171
35 66 292.238
35 67 161.581
35 68 139.9717
35 69 194.0177
35 70 67.8983
35 71 125.3782
35 72 274.1009
35 73 93.3742
35 74 178.2816
35 75 218.5064
35 76 35.3447
35 77 176.7304
35 78 234.363
35 79 198.5935
35 80 33.6383
35 81 207.6691
35 82 194.6553
35 83 86.4855
35 84 88.8545
35 85 46.2083
35 86 107.4807
35 87 59.2822
35 88 139.0477
35 89 148.3898
35 90 45.3293
35 91 294.5827
35 92 227.4405
35 93 177.6301
35 94 27.5014
35 95 7.3284
35 96 103.0729
35 97 46.3853
35 98 284.237
35 99 130.3171
36 37 240.4918
36 38 15.394
36 39 240.1115
36 40 90.3953
36 41 246.1928
36 42 215.4337
36 43 26.2425
36 44 4.4708
36 45 125.9982
36 46 210.4538
36 47 85.8467
36 48 259.286
36 49 296.1536
36 50 156.0983
36 51 46.5536
36 52 287.6952
36 53 168.1753
36 54 130.3196
36 55 116.5637
36 56 193.8053
36 57 160.6519
36 58 181.5496
36 59 201.0349
36 60 265.7701
36 61 139.7522
36 62 165.6093
36 63 275.4579
36 64 121.8528
36 65 80.085
36 66 3.0814
36 67 34.4587
36 68 98.4436
36 69 24.6453
36 70 16.2805
36 71 232.8687
36 72 274.0582
36 73 216.9327
36 74 291.1147
36 75 159.0388
36 76 156.7954
36 77 276.3115
36 78 291.5566
36 79 213.2321
36 80 249.056
36 81 85.1236
36 82 179.3287
36 83 147.2066
36 84 71.4142
36 85 63.7715
36 86 229.6182
36 87 216.6264
36 88 115.5624
36 89 198.269
36 90 164.2332
36 91 164.3894
36 92 69.7177
36 93 221.3986
36 94 81.5231
36 95 63.032
36 96 101.1617
36 97 170.5163
36 98 100.4197
36 99 215.9136
37 38 201.3877
37 39 186.4766
37 40 169.5287
37 41 191.3502
37 42 200.3165
37 43 282.0434
37 44 260.6609
37 45 20.8753
37 46 8.0721
37 47 175.8365
37 48 104.0245
37 49 154.3934
37 50 188.6364
37 51 93.4163
37 52 77.6232
37 53 72.2312
37 54 205.7707
37 55 188.4664
37 56 253.9172
37 57 281.9236
37 58 13.6978
37 59 230.484
37 60 125.5124
37 61 164.9
37 62 238.2858
37 63 292.8239
37 64 181.7161
37 65 240.1259
37 66 155.7031
37 67 45.0369
37 68 168.509
37 69 186.3597
37 70 35.4277
37 71 242.4319
37 72 214.2601
37 73 85.3972
37 74 127.1171
37 75 78.1768
37 76 52.8745
37 77 129.5956
37 78 248.2129
37 79 32.3192
37 80 282.6191
37 81 73.2097
37 82 67.9722
37 83 243.0456
37 84 129.595
37 85 64.5295
37 86 6.4314
37 87 128.664
37 88 123.7653
37 89 3.1067
37 90 4.466
37 91 94.7926
37 92 57.9484
37 93 284.9874
37 94 291.0277
37 95 48.038
37 96 68.0751
37 97 154.8228
37 98 237.1256
37 99 139.3208
38 39 50.1241
38 40 156.254
38 41 207.1828
38 42 202.1283
38 43 266.7248
38 44 227.8609
38 45 144.8634
38 46 150.6899
38 47 136.9551
38 48 201.8183
38 49 101.1698
38 50 38.903
38 51 203.775
38 52 250.0114
38 53 90.3816
38 54 29.1697
38 55 81.4736
38 56 259.2991
38 57 115.8216
38 58 208.4002
38 59 127.6734
38 60 104.4951
38 61 223.6842
38 62 224.5627
38 63 162.2185
38 64 173.4738
38 65 291.9081
38 66 108.4355
38 67 289.3513
38 68 276.5194
38 69 50.4089
38 70 5.4935
38 71 265.7943
38 72 242.2669
38 73 245.1867
38 74 150.6575
38 75 14.4833
38 76 222.5277
38 77 244.0772
38 78 5.3859
38 79 298.981
38 80 298.5734
38 81 67.0985
38 82 276.6666
38 83 52.7847
38 84 57.5485
38 85 71.0148
38 86 18.7679
38 87 242.8888
38 88 195.7009
38 89 23.9133
38 90 195.6203
38 91 172.7379
38 92 249.8068
38 93 162.5627
38 94 170.5449
38 95 169.4709
38 96 157.1975
38 97 39.5138
38 98 34.1284
38 99 66.2608
39 40 266.4979
39 41 139.9462
39 42 105.1275
39 43 86.3837
39 44 16.0076
39 45 257.8098
39 46 223.4673
39 47 57.6858
39 48 215.2631
39 49 111.8269
39 50 90.9391
39 51 295.9742
39 52 295.7166
39 53 141.2719
39 54 269.9718
39 55 154.481
39 56 162.0043
39 57 85.0628
39 58 287.3023
39 59 116.5934
39 60 281.4004
39 61 219.5567
39 62 126.8168
39 63 260.5925
39 64 163.0363
39 65 268.4298
39 66 221.996
39 67 69.9744
39 68 29.3857
39 69 62.3977
39 70 113.9944
39 71 36.5399
39 72 270.7104
39 73 92.2965
39 74 184.2653
39 75 61.1326
39 76 125.2329
39 77 92.3061
39 78 112.2746
39 79 77.6744
39 80 264.8792
39 81 27.0523
39 82 226.358
39 83 185.6851
39 84 264.4399
39 85 208.197
39 86 201.3629
39 87 154.0816
39 88 295.2684
39 89 214.4908
39 90 71.3621
39 91 290.5437
39 92 101.6593
39 93 188.5576
39 94 285.7718
39 95 91.7347
39 96 47.0689
39 97 287.6943
39 98 130.1771
39 99 148.0821
40 41 276.2506
40 42 180.3843
40 43 232.6582
40 44 21.9868
40 45 87.8618
40 46 239.2785
40 47 207.6118
40 48 21.0924
40 49 298.5158
40 50 292.1616
40 51 26.2021
40 52 204.2677
40 53 240.5084
40 54 283.4747
40 55 65.3201
40 56 8.4866
40 57 13.8986
40 58 205.5546
40 59 274.9349
40 60 94.8856
40 61 155.4325
40 62 186.4172
40 63 202.1929
40 64 23.6121
40 65 269.3559
40 66 67.335
40 67 161.649
40 68 85.9415
40 69 55.0548
40 70 75.9697
40 71 272.4761
40 72 211.2495
40 73 52.5931
40 74 78.8558
40 75 194.4118
40 76 178.9511
40 77 87.3507
40 78 51.1216
40 79 297.3048
40 80 191.1284
40 81 187.3084
40 82 272.7467
40 83 275.4606
40 84 68.2907
40 85 147.8337
40 86 38.3417
40 87 43.548
40 88 90.853
40 89 33.1204
40 90 275.6504
40 91 283.6564
40 92 120.8476
40 93 215.3787
40 94 20.952
40 95 64.3322
40 96 226.88
40 97 132.1945
40 98 207.7211
40 99 282.9286
41 42 227.971
41 43 155.6264
41 44 264.4761
41 45 159.1363
41 46 274.0821
41 47 268.3318
41 48 292.4652
41 49 185.7301
41 50 195.2403
41 51 175.5155
41 52 196.7985
41 53 3.8427
41 54 205.5638
41 55 94.2471
41 56 9.9453
41 57 114.3175
41 58 19.436
41 59 34.187
41 60 39.1972
41 61 253.6699
41 62 259.1037
41 63 242.6696
41 64 251.9414
41 65 163.5396
41 66 155.9723
41 67 202.5673
41 68 2.6384
41 69 295.6824
41 70 54.8196
41 71 190.1924
41 72 173.4868
41 73 212.0935
41 74 8.8742
41 75 147.9637
41 76 101.0645
41 77 264.9075
41 78 220.0997
41 79 274.9543
41 80 295.7328
41 81 211.8975
41 82 72.0956
41 83 31.0956
41 84 220.5382
41 85 251.559
41 86 4.5693
41 87 175.7363
41 88 250.8341
41 89 71.8368
41 90 9.9726
41 91 121.6167
41 92 75.1664
41 93 284.8587
41 94 276.0769
41 95 196.9586
41 96 146.0976
41 97 84.7525
41 98 216.2392
41 99 6.0347
42 43 117.992
42 44 195.4936
42 45 81.7382
42 46 176.1552
42 47 211.8633
42 48 142.9363
42 49 258.3764
42 50 211.5911
42 51 227.7803
42 52 75.9877
42 53 166.4548
42 54 230.9694
42 55 137.5903
42 56 178.2841
42 57 91.7426
42 58 290.8008
42 59 234.1985
42 60 96.1843
42 61 90.4392
42 62 209.588
42 63 47.7249
42 64 291.394
42 65 72.7317
42 66 11.6949
42 67 252.4534
42 68 62.2954
42 69 30.1874
42 70 108.5972
42 71 22.9509
42 72 146.1621
42 73 167.1683
42 74 239.9176
42 75 41.066
42 76 230.0999
42 77 72.3381
42 78 192.2771
42 79 175.6697
42 80 283.0671
42 81 220.3357
42 82 208.7652
42 83 71.6442
42 84 273.3199
42 85 259.4279
42 86 180.3074
42 87 27.3478
42 88 252.3926
42 89 238.529
42 90 105.5662
42 91 144.8369
42 92 103.3586
42 93 103.2252
42 94 26.0063
42 95 258.9844
42 96 16.7213
42 97 180.531
42 98 13.4905
42 99 233.1573
43 44 267.9807
43 45 214.1101
43 46 131.5593
43 47 19.4385
43 48 286.3344
43 49 289.8778
43 50 13.9357
43 51 262.3029
43 52 28.1657
43 53 257.4007
43 54 285.0261
43 55 197.3933
43 56 88.9799
43 57 68.3304
43 58 203.0898
43 59 11.6356
43 60 101.1994
43 61 74.5197
43 62 201.8464
43 63 267.1717
43 64 24.6555
43 65 233.1049
43 66 77.243
43 67 14.2734
43 68 242.9599
43 69 55.0813
43 70 71.6051
43 71 190.2962
43 72 92.2234
43 73 274.3887
43 74 175.3739
43 75 63.2388
43 76 254.3955
43 77 45.5155
43 78 64.7633
43 79 127.7287
43 80 282.1702
43 81 273.4168
43 82 83.2559
43 83 2.9056
43 84 28.3818
43 85 167.551
43 86 206.2971
43 87 51.8184
43 88 115.0681
43 89 102.2167
43 90 235.2855
43 91 23.6067
43 92 25.4816
43 93 178.6534
43 94 181.4615
43 95 138.7225
43 96 280.6278
43 97 38.6733
43 98 194.0375
43 99 72.6507
44 45 298.3877
44 46 44.9076
44 47 167.5957
44 48 240.5894
44 49 162.7269
44 50 226.2733
44 51 166.3937
44 52 166.6592
44 53 267.669
44 54 34.5022
44 55 275.1361
44 56 193.568
44 57 243.2131
44 58 131.6272
44 59 73.724
44 60 187.708
44 61 152.9655
44 62 239.3115
44 63 256.4706
44 64 127.7281
44 65 10.3505
44 66 220.3677
44 67 95.556
44 68 155.5617
44 69 2.7749
44 70 142.3264
44 71 240.3204
44 72 272.5478
44 73 230.6338
44 74 216.3388
44 75 227.8084
44 76 169.6793
44 77 139.6574
44 78 3.3577
44 79 260.4861
44 80 149.4875
44 81 171.3138
44 82 33.4968
44 83 211.8634
44 84 178.9774
44 85 93.9405
44 86 71.7225
44 87 170.0153
44 88 196.591
44 89 174.9471
44 90 191.9142
44 91 121.0476
44 92 152.536
44 93 255.6003
44 94 120.0731
44 95 231.1219
44 96 92.8387
44 97 134.5561
44 98 195.7562
44 99 179.5377
45 46 65.3771
45 47 274.6353
45 48 106.6469
45 49 92.8031
45 50 21.4925
45 51 18.5939
45 52 257.3827
45 53 36.2517
45 54 265.9357
45 55 17.8455
45 56 129.8577
45 57 170.2156
45 58 70.6054
45 59 78.6657
45 60 82.611
45 61 276.4592
45 62 97.7247
45 63 270.8899
45 64 158.3679
45 65 68.723
45 66 146.1523
45 67 80.5548
45 68 16.1553
45 69 27.6146
45 70 194.0275
45 71 219.1334
45 72 247.3531
45 73 269.5533
45 74 192.6593
45 75 261.0366
45 76 196.723
45 77 75.2452
45 78 218.0241
45 79 23.0523
45 80 241.5491
45 81 33.201
45 82 77.055
45 83 110.8678
45 84 35.9693
45 85 48.8758
45 86 160.2388
45 87 127.6968
45 88 38.579
45 89 60.4639
45 90 49.0721
45 91 122.9164
45 92 21.6299
45 93 297.6672
45 94 93.8077
45 95 85.413
45 96 227.8371
45 97 25.7492
45 98 28.8001
45 99 88.3792
46 47 103.8061
46 48 128.4339
46 49 221.6686
46 50 42.4212
46 51 296.6536
46 52 120.3534
46 53 219.5489
46 54 274.5953
46 55 51.2
46 56 188.8883
46 57 31.7581
46 58 73.9397
46 59 277.4288
46 60 133.8511
46 61 62.8405
46 62 272.5037
46 63 274.7535
46 64 26.0268
46 65 157.91
46 66 216.6997
46 67 264.4207
46 68 263.1023
46 69 160.1127
46 70 172.0217
46 71 154.4098
46 72 242.3556
46 73 280.2585
46 74 167.5855
46 75 191.0375
46 76 266.6187
46 77 231.812
46 78 187.4429
46 79 165.1376
46 80 84.561
46 81 157.5953
46 82 281.3216
46 83 267.1739
46 84 25.8559
46 85 81.3061
46 86 183.5288
46 87 232.4818
46 88 12.7673
46 89 11.9816
46 90 149.6808
46 91 184.2186
46 92 127.6867
46 93 70.4461
46 94 43.0759
46 95 16.4533
46 96 180.4399
46 97 38.8485
46 98 119.9161
46 99 212.6416
47 48 288.9426
47 49 291.8674
47 50 233.762
47 51 53.1591
47 52 241.7547
47 53 105.0157
47 54 158.1819
47 55 197.916
47 56 154.4072
47 57 115.9797
47 58 225.8915
47 59 227.0623
47 60 17.1709
47 61 242.6163
47 62 146.0662
47 63 125.433
47 64 145.8042
47 65 197.8693
47 66 47.3928
47 67 278.8077
47 68 150.4517
47 69 292.4962
47 70 205.235
47 71 68.4612
47 72 12.142
47 73 200.071
47 74 299.0879
47 75 207.3561
47 76 229.7579
47 77 293.8299
47 78 26.8644
47 79 108.6766
47 80 77.8751
47 81 256.6879
47 82 236.858
47 83 42.025
47 84 245.4602
47 85 76.0283
47 86 24.1986
47 87 164.9835
47 88 129.5937
47 89 94.8957
47 90 115.7471
47 91 78.6263
47 92 78.3512
47 93 111.9789
47 94 140.7082
47 95 69.2167
47 96 133.6166
47 97 161.8037
47 98 31.6706
47 99 249.6505
48 49 229.5599
48 50 195.3912
48 51 234.438
48 52 275.0095
48 53 242.6042
48 54 106.5633
48 55 278.8723
48 56 224.4468
48 57 95.92
48 58 226.7546
48 59 256.9087
48 60 50.7776
48 61 40.6079
48 62 82.9028
48 63 177.721
48 64 202.5636
48 65 296.2231
48 66 124.8542
48 67 71.4361
48 68 217.379
48 69 36.6682
48 70 90.5032
48 71 295.7194
48 72 57.5112
48 73 83.8507
48 74 227.3103
48 75 197.2789
48 76 24.7229
48 77 45.9268
48 78 173.0905
48 79 123.3035
48 80 37.3324
48 81 10.7102
48 82 299.8293
48 83 34.0548
48 84 191.8289
48 85 299.636
48 86 299.7997
48 87 258.7496
48 88 283.7067
48 89 171.3189
48 90 161.9857
48 91 97.7561
48 92 3.4051
48 93 51.3327
48 94 244.0368
48 95 39.406
48 96 79.782
48 97 92.1069
48 98 167.7108
48 99 49.7551
49 50 131.117
49 51 51.7135
49 52 7.2419
49 53 83.5103
49 54 287.2733
49 55 233.3414
49 56 81.8616
49 57 1.577
49 58 266.0946
49 59 140.2118
49 60 136.5201
49 61 257.0084
49 62 113.347
49 63 206.9735
49 64 209.1175
49 65 184.2496
49 66 106.0505
49 67 119.2343
49 68 108.4606
49 69 7.5172
49 70 201.5745
49 71 72.1645
49 72 205.1392
49 73 130.2231
49 74 252.6036
49 75 48.4536
49 76 127.4494
49 77 212.7201
49 78 137.9376
49 79 11.3688
49 80 285.0818
49 81 161.2348
49 82 184.713
49 83 296.1884
49 84 99.2481
49 85 108.7369
49 86 167.5823
49 87 289.2388
49 88 83.8945
49 89 186.6228
49 90 122.3269
49 91 207.4319
49 92 68.4526
49 93 283.9251
49 94 229.5857
49 95 177.6212
49 96 27.1644
49 97 32.074
49 98 213.506
49 99 262.4817
50 51 254.4123
50 52 243.4049
50 53 113.2329
50 54 110.0395
50 55 161.4794
50 56 76.0968
50 57 140.5008
50 58 63.8459
50 59 109.3907
50 60 232.2272
50 61 7.2734
50 62 73.6082
50 63 195.578
50 64 149.3965
50 65 21.6186
50 66 62.5104
50 67 7.6765
50 68 270.5097
50 69 9.7159
50 70 197.9281
50 71 146.9955
50 72 123.141
50 73 159.6684
50 74 53.9035
50 75 32.7931
50 76 94.8628
50 77 263.5819
50 78 66.6492
50 79 63.8702
50 80 117.5523
50 81 285.7828
50 82 200.1099
50 83 206.0572
50 84 83.4235
50 85 2.2179
50 86 112.366
50 87 112.3766
50 88 284.2022
50 89 160.0672
50 90 173.4084
50 91 138.3854
50 92 181.6655
50 93 7.9221
50 94 27.3367
50 95 117.1993
50 96 178.4918
50 97 69.3472
50 98 239.9993
50 99 276.4627
51 52 88.0741
51 53 24.8692
51 54 238.6521
51 55 208.8272
51 56 275.4203
51 57 73.7261
51 58 294.1016
51 59 265.8393
51 60 203.808
51 61 8.0994
51 62 272.9225
51 63 101.4003
51 64 123.3647
51 65 27.5296
51 66 275.2497
51 67 187.4596
51 68 271.1097
51 69 260.587
51 70 270.3066
51 71 226.645
51 72 169.102
51 73 37.1927
51 74 3.5925
51 75 82.6732
51 76 234.844
51 77 160.7693
51 78 204.8851
51 79 51.1859
51 80 102.0398
51 81 265.7955
51 82 104.6192
51 83 105.0345
51 84 291.8075
51 85 164.0381
51 86 70.2406
51 87 228.6801
51 88 101.5509
51 89 113.618
51 90 4.4367
51 91 164.5364
51 92 27.0131
51 93 169.5551
51 94 185.6783
51 95 59.0921
51 96 101.0321
51 97 178.543
51 98 44.7828
51 99 84.9966
52 53 96.8031
52 54 162.3035
52 55 79.7473
52 56 182.0892
52 57 72.0872
52 58 51.0617
52 59 18.9607
52 60 296.9474
52 61 267.1733
52 62 34.7506
52 63 296.8976
52 64 177.1485
52 65 18.8014
52 66 122.026
52 67 143.549
52 68 231.5146
52 69 23.6797
52 70 275.2751
52 71 255.2831
52 72 122.3227
52 73 111.6772
52 74 188.4515
52 75 53.895
52 76 156.3685
52 77 37.761
52 78 83.7242
52 79 212.5559
52 80 216.0931
52 81 123.4924
52 82 228.2923
52 83 168.5917
52 84 167.488
52 85 144.7035
52 86 224.7849
52 87 131.3268
52 88 295.4493
52 89 145.4749
52 90 185.8882
52 91 110.8369
52 92 299.4163
52 93 146.9685
52 94 195.6292
52 95 28.867
52 96 33.5541
52 97 76.4986
52 98 233.3665
52 99 141.5626
53 54 27.6179
53 55 53.3545
53 56 62.1958
53 57 9.9714
53 58 101.8057
53 59 26.9055
53 60 90.7212
53 61 216.2675
53 62 253.4703
53 63 129.0499
53 64 162.9936
53 65 117.625
53 66 164.7037
53 67 227.7985
53 68 123.5857
53 69 234.5525
53 70 261.1592
53 71 275.0174
53 72 122.194
53 73 69.9716
53 74 9.0858
53 75 256.9448
53 76 127.078
53 77 273.1102
53 78 215.0415
53 79 222.7257
53 80 160.8239
53 81 37.5906
53 82 234.3341
53 83 171.6905
53 84 18.2729
53 85 42.7629
53 86 18.902
53 87 287.9383
53 88 126.6421
53 89 206.2101
53 90 288.7094
53 91 248.8936
53 92 70.7051
53 93 266.2745
53 94 58.6439
53 95 230.5189
53 96 96.4998
53 97 197.0235
53 98 9.4512
53 99 15.5908
54 55 194.0732
54 56 214.1924
54 57 16.5017
54 58 263.2086
54 59 117.9817
54 60 195.4669
54 61 1.7369
54 62 295.5958
54 63 274.3245
54 64 34.0352
54 65 168.9828
54 66 284.9106
54 67 27.7241
54 68 163.501
54 69 168.4341
54 70 271.544
54 71 42.3705
54 72 240.72
54 73 151.1626
54 74 278.5507
54 75 55.0213
54 76 268.3986
54 77 135.626
54 78 226.0631
54 79 18.0211
54 80 152.0446
54 81 210.7236
54 82 168.6691
54 83 267.2706
54 84 179.5122
54 85 177.8904
54 86 79.7964
54 87 269.8722
54 88 141.3315
54 89 185.2847
54 90 48.6038
54 91 182.0602
54 92 61.3515
54 93 77.9841
54 94 159.5251
54 95 188.7953
54 96 184.2088
54 97 17.9744
54 98 32.6347
54 99 59.6058
55 56 121.0827
55 57 185.0667
55 58 177.1677
55 59 74.0828
55 60 268.6691
55 61 119.8694
55 62 299.857
55 63 112.4573
55 64 256.1633
55 65 283.9375
55 66 281.8498
55 67 6.9489
55 68 287.3418
55 69 131.7373
55 70 185.2845
55 71 190.3436
55 72 107.8858
55 73 101.4889
55 74 76.5952
55 75 61.0338
55 76 165.952
55 77 291.4903
55 78 159.4135
55 79 107.8249
55 80 131.262
55 81 129.8599
55 82 190.3442
55 83 49.9257
55 84 64.6057
55 85 76.4574
55 86 291.9427
55 87 131.0294
55 88 131.2924
55 89 281.3438
55 90 232.6288
55 91 287.1839
55 92 66.4206
55 93 220.0578
55 94 13.3162
55 95 201.8631
55 96 107.915
55 97 124.9212
55 98 145.4348
55 99 120.5897
56 57 6.9477
56 58 130.5029
56 59 284.1074
56 60 257.5099
56 61 173.4868
56 62 116.8604
56 63 175.7852
56 64 24.2756
56 65 101.0075
56 66 191.571
56 67 113.0041
56 68 123.4007
56 69 238.546
56 70 94.0997
56 71 211.5807
56 72 122.096
56 73 58.5628
56 74 64.9387
56 75 88.1485
56 76 236.946
56 77 5.4701
56 78 227.9845
56 79 60.6425
56 80 46.574
56 81 111.1148
56 82 280.604
56 83 294.2504
56 84 22.4685
56 85 214.4736
56 86 177.1325
56 87 137.5372
56 88 71.4024
56 89 208.5543
56 90 153.5337
56 91 250.71
56 92 255.3276
56 93 150.1942
56 94 240.9381
56 95 68.1551
56 96 18.7347
56 97 82.2276
56 98 269.7599
56 99 181.0583
57 58 171.2209
57 59 276.2244
57 60 163.1452
57 61 75.947
57 62 76.8147
57 63 261.5753
57 64 77.9748
57 65 134.9843
57 66 241.1299
57 67 84.9205
57 68 229.3635
57 69 176.7261
57 70 1.2344
57 71 215.8258
57 72 43.1824
57 73 3.8106
57 74 71.3216
57 75 105.9924
57 76 214.1983
57 77 147.6988
57 78 220.1727
57 79 66.4973
57 80 61.739
57 81 185.5789
57 82 67.2339
57 83 167.2669
57 84 91.2556
57 85 61.7902
57 86 123.9415
57 87 118.2926
57 88 56.4162
57 89 147.8469
57 90 91.5529
57 91 28.1877
57 92 14.6933
57 93 241.3553
57 94 12.993
57 95 96.4242
57 96 91.2281
57 97 126.2562
57 98 241.597
57 99 19.8108
58 59 102.255
58 60 74.1602
58 61 200.2543
58 62 103.899
58 63 63.5231
58 64 131.6797
58 65 3.1257
58 66 182.7732
58 67 67.0231
58 68 274.4761
58 69 221.7077
58 70 253.3267
58 71 127.1932
58 72 181.6244
58 73 100.8878
58 74 194.835
58 75 58.2386
58 76 240.0161
58 77 175.6044
58 78 27.3503
58 79 134.4927
58 80 67.4717
58 81 62.3991
58 82 210.1843
58 83 216.2351
58 84 128.3129
58 85 42.4981
58 86 110.6422
58 87 52.0174
58 88 50.5116
58 89 250.7752
58 90 226.8415
58 91 261.1564
58 92 239.244
58 93 17.4253
58 94 154.9309
58 95 68.2844
58 96 255.9821
58 97 118.9087
58 98 107.4759
58 99 167.3036
59 60 45.7046
59 61 203.5469
59 62 82.5062
59 63 58.536
59 64 88.7153
59 65 132.7001
59 66 135.8708
59 67 294.4881
59 68 273.5735
59 69 93.918
59 70 26.192
59 71 93.1923
59 72 47.9753
59 73 233.9109
59 74 181.6873
59 75 54.2134
59 76 144.4224
59 77 177.0523
59 78 263.7246
59 79 104.1225
59 80 222.8012
59 81 286.6442
59 82 191.6595
59 83 296.6883
59 84 158.8093
59 85 10.1477
59 86 165.9152
59 87 246.9922
59 88 231.8559
59 89 295.3834
59 90 208.0669
59 91 17.2561
59 92 275.6712
59 93 241.1346
59 94 263.4383
59 95 233.753
59 96 183.41
59 97 2.3439
59 98 167.7788
59 99 206.5
60 61 199.5476
60 62 245.4691
60 63 32.3241
60 64 189.2532
60 65 234.3912
60 66 66.7452
60 67 138.9271
60 68 235.2889
60 69 207.8576
60 70 239.8356
60 71 100.8568
60 72 17.219
60 73 116.9659
60 74 284.1945
60 75 256.1165
60 76 241.9161
60 77 199.5664
60 78 156.5937
60 79 274.2416
60 80 144.3212
60 81 286.9864
60 82 81.3923
60 83 209.977
60 84 187.4086
60 85 135.7117
60 86 271.8267
60 87 241.6862
60 88 261.8962
60 89 176.7123
60 90 169.4168
60 91 256.0677
60 92 110.3166
60 93 248.6308
60 94 81.7927
60 95 251.7319
60 96 277.6058
60 97 113.3541
60 98 236.4378
60 99 199.4608
61 62 200.1686
61 63 145.1889
61 64 231.4296
61 65 200.8348
61 66 8.006
61 67 125.4222
61 68 68.3139
61 69 64.6137
61 70 54.0142
61 71 91.9919
61 72 196.4279
61 73 200.283
61 74 235.8353
61 75 83.4346
61 76 12.9464
61 77 206.4658
61 78 111.5925
61 79 144.9945
61 80 64.3286
61 81 154.0311
61 82 34.5019
61 83 105.124
61 84 243.8451
61 85 123.906
61 86 220.4274
61 87 187.0005
61 88 185.2236
61 89 194.2817
61 90 193.8747
61 91 92.0399
61 92 5.1442
61 93 210.8885
61 94 204.7042
61 95 6.0953
61 96 299.5735
61 97 243.4028
61 98 189.7866
61 99 265.6113
62 63 29.6107
62 64 237.024
62 65 124.9682
62 66 224.1831
62 67 237.7432
62 68 258.6743
62 69 126.2717
62 70 224.0383
62 71 62.4493
62 72 297.297
62 73 188.0697
62 74 132.1583
62 75 193.0948
62 76 184.9014
62 77 66.8728
62 78 180.1233
62 79 187.4535
62 80 21.9495
62 81 265.4324
62 82 170.3623
62 83 257.6019
62 84 17.6783
62 85 293.5169
62 86 65.7294
62 87 21.5058
62 88 39.6663
62 89 177.1548
62 90 172.5178
62 91 107.7188
62 92 8.7332
62 93 5.4098
62 94 126.8655
62 95 119.613
62 96 155.6839
62 97 94.9918
62 98 245.998
62 99 228.6265
63 64 111.5151
63 65 234.8898
63 66 100.557
63 67 88.8819
63 68 193.4198
63 69 24.3711
63 70 72.878
63 71 13.9062
63 72 15.6014
63 73 39.8005
63 74 200.9329
63 75 297.0092
63 76 133.5576
63 77 207.5364
63 78 219.0982
63 79 102.3147
63 80 202.1287
63 81 146.6978
63 82 106.5958
63 83 47.4718
63 84 28.1855
63 85 45.6073
63 86 139.5665
63 87 162.545
63 88 169.0063
63 89 238.5779
63 90 6.1575
63 91 281.2836
63 92 145.6636
63 93 137.4863
63 94 92.133
63 95 233.6757
63 96 127.9135
63 97 117.1591
63 98 119.2789
63 99 290.1653
64 65 181.0575
64 66 228.9732
64 67 68.9691
64 68 107.7763
64 69 13.9034
64 70 203.401
64 71 162.9089
64 72 65.4962
64 73 170.6308
64 74 169.6017
64 75 200.5299
64 76 66.2252
64 77 256.6482
64 78 278.6635
64 79 48.2266
64 80 292.3382
64 81 30.8389
64 82 142.5986
64 83 57.9535
64 84 59.5146
64 85 275.5785
64 86 55.4126
64 87 38.103
64 88 245.078
64 89 11.3533
64 90 33.4331
64 91 192.6567
64 92 214.7429
64 93 208.8046
64 94 214.5769
64 95 10.2017
64 96 273.3747
64 97 194.8199
64 98 85.7606
64 99 279.8458
65 66 43.715
65 67 179.3254
65 68 196.1946
65 69 264.2253
65 70 56.315
65 71 102.9383
65 72 76.1433
65 73 17.3733
65 74 244.7846
65 75 127.4555
65 76 281.8867
65 77 100.4613
65 78 168.3284
65 79 212.8949
65 80 80.5694
65 81 251.87
65 82 79.1842
65 83 86.1492
65 84 10.2228
65 85 228.5343
65 86 106.877
65 87 78.5359
65 88 185.4918
65 89 226.8091
65 90 219.5043
65 91 250.8829
65 92 60.8549
65 93 33.3805
65 94 71.3444
65 95 227.9855
65 96 137.0456
65 97 277.5781
65 98 238.1581
65 99 15.1175
66 67 299.2134
66 68 234.9958
66 69 111.8296
66 70 241.2449
66 71 210.9919
66 72 152.1298
66 73 103.2814
66 74 180.2163
66 75 266.4082
66 76 11.0822
66 77 25.9529
66 78 166.3378
66 79 213.4126
66 80 203.5045
66 81 105.9836
66 82 143.2195
66 83 263.142
66 84 95.8283
66 85 77.3069
66 86 96.6863
66 87 151.7239
66 88 43.374
66 89 120.7472
66 90 232.4679
66 91 296.0167
66 92 231.4275
66 93 227.8545
66 94 29.1066
66 95 86.4482
66 96 32.2585
66 97 161.069
66 98 39.5069
66 99 119.1354
67 68 197.4973
67 69 122.2055
67 70 5.6675
67 71 236.9882
67 72 256.4732
67 73 128.3071
67 74 104.5634
67 75 154.9542
67 76 290.9127
67 77 229.0374
67 78 247.6628
67 79 14.1236
67 80 27.7017
67 81 203.3376
67 82 59.3379
67 83 225.6303
67 84 104.4747
67 85 49.1517
67 86 126.8711
67 87 56.4913
67 88 293.9654
67 89 26.2512
67 90 88.795
67 91 130.9523
67 92 251.6237
67 93 8.4006
67 94 275.5733
67 95 14.0672
67 96 265.4112
67 97 226.5217
67 98 140.8232
67 99 92.2159
68 69 285.623
68 70 77.8188
68 71 226.1069
68 72 208.6674
68 73 122.1394
68 74 6.1547
68 75 208.3528
68 76 51.2077
68 77 249.5619
68 78 59.3824
68 79 279.0285
68 80 287.3426
68 81 31.6894
68 82 238.8371
68 83 125.8017
68 84 213.8203
68 85 31.4788
68 86 27.2759
68 87 173.9475
68 88 114.2563
68 89 271.2464
68 90 52.6676
68 91 272.7828
68 92 126.9604
68 93 61.5092
68 94 209.8012
68 95 40.3559
68 96 210.0713
68 97 109.512
68 98 125.4089
68 99 175.4897
69 70 137.669
69 71 136.3952
69 72 29.3363
69 73 83.5103
69 74 273.1711
69 75 134.6403
69 76 239.0882
69 77 242.5279
69 78 7.5015
69 79 240.4619
69 80 11.3246
69 81 247.1302
69 82 92.9481
69 83 129.669
69 84 70.6405
69 85 54.0727
69 86 178.6983
69 87 22.0566
69 88 296.5269
69 89 139.9158
69 90 42.5956
69 91 112.3317
69 92 29.6693
69 93 265.6701
69 94 296.1371
69 95 190.3219
69 96 80.8597
69 97 140.7762
69 98 43.0571
69 99 121.7657
70 71 130.8771
70 72 274.9174
70 73 253.2132
70 74 125.8488
70 75 169.1038
70 76 275.9923
70 77 137.4282
70 78 239.3724
70 79 128.14
70 80 55.9692
70 81 263.3523
70 82 63.4601
70 83 214.1492
70 84 236.3719
70 85 101.1431
70 86 93.8723
70 87 211.6882
70 88 182.6045
70 89 291.0261
70 90 147.4678
70 91 8.4681
70 92 39.0016
70 93 187.8145
70 94 143.5263
70 95 199.8258
70 96 179.2513
70 97 135.5391
70 98 102.543
70 99 230.8059
71 72 76.3518
71 73 284.7455
71 74 230.0796
71 75 118.1247
71 76 81.4879
71 77 232.2011
71 78 217.2556
71 79 149.5651
71 80 38.9085
71 81 202.488
71 82 32.2579
71 83 145.5812
71 84 228.1929
71 85 298.4032
71 86 149.2138
71 87 227.8101
71 88 197.7736
71 89 54.6852
71 90 25.0678
71 91 298.6159
71 92 41.8901
71 93 299.7121
71 94 264.5053
71 95 272.3527
71 96 112.8978
71 97 44.014
71 98 221.9565
71 99 36.0657
72 73 172.7613
72 74 156.5001
72 75 260.1343
72 76 289.589
72 77 80.1875
72 78 107.94
72 79 197.9049
72 80 240.9666
72 81 164.335
72 82 152.6657
72 83 127.7871
72 84 73.1933
72 85 94.7684
72 86 6.4161
72 87 57.713
72 88 116.6084
72 89 135.5557
72 90 105.3781
72 91 159.9319
72 92 177.3912
72 93 173.398
72 94 55.1783
72 95 159.7514
72 96 158.8504
72 97 97.2394
72 98 89.7836
72 99 79.3241
73 74 107.0853
73 75 23.3541
73 76 49.4589
73 77 172.5872
73 78 262.0647
73 79 260.6738
73 80 198.2979
73 81 148.6958
73 82 41.3179
73 83 254.8142
73 84 220.012
73 85 233.9285
73 86 187.3545
73 87 234.8142
73 88 221.6082
73 89 207.4701
73 90 66.5432
73 91 149.2813
73 92 109.4989
73 93 220.2289
73 94 164.159
73 95 153.7846
73 96 165.5969
73 97 129.0944
73 98 124.5614
73 99 278.0052
74 75 167.9942
74 76 59.4683
74 77 13.0378
74 78 70.1426
74 79 146.1805
74 80 156.6341
74 81 133.9033
74 82 45.7271
74 83 21.4803
74 84 207.6953
74 85 274.7292
74 86 21.548
74 87 85.693
74 88 99.8819
74 89 39.6397
74 90 63.1366
74 91 161.4902
74 92 129.0455
74 93 92.4736
74 94 209.3043
74 95 231.1934
74 96 90.3565
74 97 182.7439
74 98 185.4006
74 99 193.5073
75 76 142.6993
75 77 235.6573
75 78 93.451
75 79 65.8134
75 80 85.2653
75 81 173.7588
75 82 2.2049
75 83 113.3246
75 84 191.2562
75 85 221.6621
75 86 91.5125
75 87 91.6916
75 88 149.2613
75 89 59.4074
75 90 129.0594
75 91 269.8347
75 92 270.7035
75 93 11.7633
75 94 190.2203
75 95 4.4576
75 96 293.6196
75 97 46.3782
75 98 184.7599
75 99 96.9394
76 77 283.784
76 78 115.7983
76 79 50.7783
76 80 183.2453
76 81 203.8594
76 82 20.3164
76 83 132.954
76 84 106.1686
76 85 90.319
76 86 17.9337
76 87 189.0539
76 88 12.8131
76 89 289.8191
76 90 80.5336
76 91 149.6714
76 92 2.4369
76 93 68.0726
76 94 218.9518
76 95 274.6713
76 96 64.3427
76 97 78.7141
76 98 38.8488
76 99 280.6767
77 78 189.9607
77 79 180.5401
77 80 137.3618
77 81 15.694
77 82 173.0399
77 83 256.2814
77 84 2.626
77 85 202.0729
77 86 69.1364
77 87 71.0794
77 88 150.1831
77 89 130.2527
77 90 197.9592
77 91 100.3934
77 92 153.9361
77 93 122.3037
77 94 265.665
77 95 248.635
77 96 266.2885
77 97 187.8178
77 98 134.5223
77 99 174.115
78 79 182.9186
78 80 258.64
78 81 236.1374
78 82 116.535
78 83 240.0437
78 84 207.9471
78 85 256.875
78 86 11.3172
78 87 214.948
78 88 175.33
78 89 155.3225
78 90 292.0458
78 91 115.8515
78 92 111.9806
78 93 257.5417
78 94 233.9477
78 95 178.3622
78 96 283.1708
78 97 209.844
78 98 236.8573
78 99 68.4315
79 80 82.2165
79 81 23.7113
79 82 250.7354
79 83 61.7222
79 84 61.6311
79 85 46.2793
79 86 102.0631
79 87 288.7733
79 88 208.1298
79 89 260.4715
79 90 178.3883
79 91 245.738
79 92 163.9197
79 93 17.2319
79 94 207.3599
79 95 296.4648
79 96 13.1302
79 97 239.6904
79 98 161.2818
79 99 100.42
80 81 290.581
80 82 133.8873
80 83 28.3722
80 84 3.3907
80 85 250.3777
80 86 137.1324
80 87 238.0228
80 88 260.8954
80 89 20.263
80 90 211.5822
80 91 39.6781
80 92 176.7353
80 93 196.379
80 94 38.14
80 95 157.003
80 96 259.6163
80 97 110.7507
80 98 105.0633
80 99 218.0235
81 82 198.1312
81 83 243.624
81 84 207.841
81 85 177.3679
81 86 50.0652
81 87 93.7804
81 88 190.0512
81 89 152.5424
81 90 188.5867
81 91 211.0173
81 92 153.191
81 93 264.7671
81 94 215.3719
81 95 97.0709
81 96 256.883
81 97 61.8455
81 98 93.4389
81 99 45.8959
82 83 67.5681
82 84 179.7127
82 85 254.8253
82 86 284.4532
82 87 55.1285
82 88 71.4288
82 89 73.0018
82 90 156.0772
82 91 72.6735
82 92 160.0124
82 93 205.4508
82 94 117.0277
82 95 169.8641
82 96 50.8574
82 97 23.2613
82 98 258.0496
82 99 258.3689
83 84 132.5341
83 85 199.0217
83 86 111.115
83 87 239.3915
83 88 116.0846
83 89 260.9038
83 90 242.4875
83 91 222.0244
83 92 253.5345
83 93 180.9639
83 94 124.4619
83 95 55.3453
83 96 56.2219
83 97 221.5802
83 98 211.3162
83 99 201.7247
84 85 60.0878
84 86 18.1482
84 87 46.9625
84 88 127.9071
84 89 194.1895
84 90 198.1157
84 91 22.289
84 92 281.2562
84 93 117.0229
84 94 155.2597
84 95 221.2458
84 96 253.3836
84 97 212.3015
84 98 23.9261
84 99 132.0108
85 86 90.3641
85 87 27.4147
85 88 73.1973
85 89 12.9534
85 90 94.7739
85 91 118.3379
85 92 127.5192
85 93 45.6403
85 94 221.5169
85 95 10.1699
85 96 25.3626
85 97 291.3902
85 98 262.5177
85 99 49.2186
86 87 10.4379
86 88 251.2074
86 89 294.996
86 90 290.9749
86 91 131.8735
86 92 124.0268
86 93 89.2118
86 94 150.0526
86 95 100.1737
86 96 125.1016
86 97 266.4785
86 98 37.473
86 99 284.1822
87 88 56.2879
87 89 184.477
87 90 221.7856
87 91 201.7783
87 92 19.127
87 93 218.666
87 94 228.3918
87 95 85.0594
87 96 294.5267
87 97 108.8183
87 98 283.6052
87 99 33.2662
88 89 209.3524
88 90 126.8977
88 91 172.3824
88 92 274.2062
88 93 15.6997
88 94 285.6167
88 95 250.921
88 96 274.6945
88 97 227.247
88 98 243.2415
88 99 222.0911
89 90 137.372
89 91 10.6131
89 92 261.6755
89 93 36.983
89 94 17.8692
89 95 138.9652
89 96 46.8728
89 97 70.2756
89 98 170.3331
89 99 72.5678
90 91 64.4216
90 92 203.011
90 93 180.2215
90 94 8.7181
90 95 149.0558
90 96 251.8661
90 97 200.023
90 98 249.4494
90 99 104.9972
91 92 129.109
91 93 102.2144
91 94 107.8393
91 95 282.4289
91 96 144.5181
91 97 249.8389
91 98 112.38
91 99 158.3387
92 93 157.0268
92 94 77.7934
92 95 282.7797
92 96 21.0128
92 97 299.2729
92 98 85.9021
92 99 121.4259
93 94 252.8189
93 95 209.4932
93 96 254.1449
93 97 129.6409
93 98 154.2213
93 99 180.0898
94 95 175.1925
94 96 152.3729
94 97 45.9705
94 98 128.0929
94 99 156.1864
95 96 159.9039
95 97 273.4924
95 98 33.0153
95 99 5.802
96 97 150.8931
96 98 284.0797
96 99 172.3427
97 98 139.9974
97 99 206.805
98 99 82.3103
