NAME: dataset_100_01
NODES: 100
TYPE: SYMMETRIC
NODE1 NODE2 TIME
0 1 58.0527
0 2 236.6914
0 3 20.3821
0 4 111.534
0 5 73.6274
0 6 57.19
0 7 191.2504
0 8 141.8937
0 9 77.1272
0 10 228.3537
0 11 209.5674
0 12 224.2375
0 13 87.5624
0 14 73.5584
0 15 280.8601
0 16 53.5178
0 17 29.2619
0 18 153.3837
0 19 100.3119
0 20 7.2432
0 21 17.6652
0 22 2.5084
0 23 163.6067
0 24 225.3733
0 25 117.675
0 26 191.0643
0 27 261.797
0 28 49.1823
0 29 133.5207
0 30 77.5415
0 31 63.1421
0 32 199.3346
0 33 37.109
0 34 256.8677
0 35 35.1912
0 36 284.9253
0 37 81.4677
0 38 150.7259
0 39 30.0672
0 40 19.9802
0 41 34.083
0 42 208.4202
0 43 224.4078
0 44 281.3286
0 45 113.8243
0 46 19.5542
0 47 295.3222
0 48 231.8133
0 49 69.4556
0 50 275.678
0 51 76.34
0 52 107.1872
0 53 149.0232
0 54 259.8835
0 55 17.3192
0 56 199.791
0 57 109.0094
0 58 144.0993
0 59 174.0916
0 60 183.8398
0 61 164.337
0 62 172.9388
0 63 168.5379
0 64 162.2351
0 65 290.4099
0 66 259.4781
0 67 21.5834
0 68 228.7617
0 69 90.8799
0 70 29.8425
0 71 48.5244
0 72 83.5113
0 73 158.1632
0 74 171.0362
0 75 139.212
0 76 140.9882
0 77 30.5307
0 78 83.1725
0 79 141.7424
0 80 55.7967
0 81 59.808
0 82 26.5196
0 83 1.8114
0 84 64.0635
0 85 175.4235
0 86 157.075
0 87 81.8883
0 88 198.0473
0 89 240.1431
0 90 248.786
0 91 159.0151
0 92 154.2804
0 93 158.1288
0 94 236.3706
0 95 276.0179
0 96 33.5554
0 97 36.8837
0 98 197.2549
0 99 192.0015
1 2 201.0936
1 3 146.2035
1 4 115.586
1 5 299.0095
1 6 282.4735
1 7 195.7867
1 8 291.1029
1 9 294.5054
1 10 39.5279
1 11 236.2289
1 12 151.1115
1 13 215.7541
1 14 213.4862
1 15 21.5597
1 16 222.3732
1 17 214.7879
1 18 245.3711
1 19 191.2872
1 20 11.1938
1 21 58.5207
1 22 262.3363
1 23 118.561
1 24 36.1889
1 25 12.406
1 26 293.8895
1 27 23.8937
1 28 218.7144
1 29 158.4686
1 30 127.2831
1 31 123.6792
1 32 152.0749
1 33 293.4222
1 34 295.0408
1 35 171.2163
1 36 15.8458
1 37 64.4476
1 38 56.5294
1 39 117.322
1 40 244.2425
1 41 268.3529
1 42 20.8644
1 43 199.5603
1 44 240.2207
1 45 35.0005
1 46 26.3369
1 47 222.5151
1 48 155.1058
1 49 119.4258
1 50 185.4046
1 51 154.1546
1 52 119.2304
1 53 231.86
1 54 63.9178
1 55 42.4382
1 56 143.0529
1 57 2.9306
1 58 277.3913
1 59 282.2715
1 60 173.7198
1 61 74.5328
1 62 208.6772
1 63 276.3652
1 64 76.0907
1 65 68.041
1 66 1.8155
1 67 148.6219
1 68 195.6671
1 69 129.1212
1 70 141.9269
1 71 112.5888
1 72 68.6432
1 73 53.9134
1 74 105.9051
1 75 191.3241
1 76 1.9972
1 77 108.7034
1 78 16.3223
1 79 272.6557
1 80 251.6145
1 81 289.9422
1 82 51.4162
1 83 193.3621
1 84 57.6418
1 85 84.9672
1 86 256.5383
1 87 14.3345
1 88 139.9989
1 89 125.4019
1 90 214.9514
1 91 270.2337
1 92 206.7827
1 93 89.5136
1 94 282.0229
1 95 43.0486
1 96 85.585
1 97 131.1856
1 98 30.4951
1 99 28.8179
2 3 210.7868
2 4 70.586
2 5 147.0568
2 6 202.6011
2 7 132.0629
2 8 272.4036
2 9 61.19
2 10 10.4293
2 11 113.7807
2 12 80.3236
2 13 258.6773
2 14 245.9997
2 15 188.4773
2 16 103.7329
2 17 67.3499
2 18 132.8895
2 19 273.6891
2 20 136.5598
2 21 213.3325
2 22 99.1671
2 23 130.023
2 24 269.3872
2 25 147.7782
2 26 285.2303
2 27 53.1803
2 28 73.6223
2 29 113.8847
2 30 224.1977
2 31 259.3827
2 32 224.5979
2 33 238.1923
2 34 43.6886
2 35 163.407
2 36 196.9749
2 37 100.4012
2 38 298.1812
2 39 32.2073
2 40 82.4567
2 41 75.2
2 42 219.9213
2 43 89.8462
2 44 233.9266
2 45 173.6606
2 46 291.7822
2 47 145.9229
2 48 257.1375
2 49 15.9307
2 50 197.8119
2 51 138.0791
2 52 141.8406
2 53 150.5376
2 54 271.4984
2 55 42.2532
2 56 232.2834
2 57 266.251
2 58 199.6596
2 59 259.196
2 60 187.6293
2 61 135.8324
2 62 10.5303
2 63 74.9123
2 64 234.5895
2 65 38.8998
2 66 121.3287
2 67 216.617
2 68 153.1554
2 69 226.8454
2 70 138.8266
2 71 65.6099
2 72 68.3486
2 73 296.4449
2 74 88.8605
2 75 143.8438
2 76 183.8272
2 77 13.1892
2 78 175.6663
2 79 202.9294
2 80 141.7988
2 81 235.104
2 82 78.53
2 83 216.1076
2 84 79.0746
2 85 244.6816
2 86 206.0941
2 87 285.4879
2 88 6.75
2 89 190.4381
2 90 68.8142
2 91 188.5442
2 92 220.6788
2 93 204.816
2 94 208.1348
2 95 133.0024
2 96 140.0753
2 97 147.8147
2 98 70.2464
2 99 158.708
3 4 33.808
3 5 74.137
3 6 174.3326
3 7 72.5177
3 8 288.2406
3 9 166.7407
3 10 278.6207
3 11 68.8644
3 12 91.1788
3 13 54.9548
3 14 174.746
3 15 137.7195
3 16 135.3632
3 17 160.0224
3 18 229.6201
3 19 49.1666
3 20 186.7231
3 21 240.3503
3 22 142.8006
3 23 65.9645
3 24 79.5637
3 25 126.2833
3 26 193.1268
3 27 256.2023
3 28 142.7421
3 29 159.4443
3 30 180.1714
3 31 137.0244
3 32 106.0036
3 33 200.5522
3 34 57.1638
3 35 299.4004
3 36 286.1066
3 37 230.9306
3 38 191.634
3 39 264.9448
3 40 245.7196
3 41 146.5526
3 42 106.703
3 43 264.7989
3 44 243.471
3 45 7.2276
3 46 164.7665
3 47 80.5623
3 48 18.0404
3 49 228.9655
3 50 47.9386
3 51 87.1142
3 52 263.1727
3 53 147.7518
3 54 265.987
3 55 183.0425
3 56 89.562
3 57 62.1487
3 58 282.3343
3 59 170.0168
3 60 283.0326
3 61 30.6527
3 62 131.7227
3 63 128.9335
3 64 16.4192
3 65 3.9399
3 66 107.5224
3 67 170.5736
3 68 267.9224
3 69 230.3342
3 70 29.1515
3 71 172.9033
3 72 242.7236
3 73 54.0755
3 74 164.7465
3 75 93.4159
3 76 6.9817
3 77 22.4614
3 78 276.1527
3 79 296.32
3 80 253.886
3 81 29.399
3 82 227.6111
3 83 75.599
3 84 19.2191
3 85 201.2946
3 86 48.7544
3 87 206.869
3 88 239.0868
3 89 292.3105
3 90 140.9551
3 91 238.6071
3 92 297.987
3 93 290.614
3 94 135.6135
3 95 123.0145
3 96 77.1257
3 97 190.3877
3 98 115.8312
3 99 203.6513
4 5 153.491
4 6 244.935
4 7 254.6887
4 8 276.6635
4 9 145.9172
4 10 268.3429
4 11 97.62
4 12 227.6526
4 13 150.263
4 14 32.0515
4 15 65.0979
4 16 11.4888
4 17 169.579
4 18 253.8189
4 19 187.96
4 20 139.3864
4 21 63.5899
4 22 214.9146
4 23 121.583
4 24 162.8858
4 25 21.6499
4 26 248.0354
4 27 282.3297
4 28 148.5313
4 29 91.7075
4 30 193.0866
4 31 21.375
4 32 125.5467
4 33 84.8395
4 34 71.7652
4 35 257.1523
4 36 112.3817
4 37 49.979
4 38 49.8523
4 39 56.6342
4 40 11.484
4 41 293.3869
4 42 175.9879
4 43 162.669
4 44 261.9526
4 45 93.8118
4 46 290.7944
4 47 102.7354
4 48 58.8544
4 49 167.6566
4 50 59.9983
4 51 112.7054
4 52 71.1227
4 53 164.6236
4 54 214.3067
4 55 214.9256
4 56 111.1765
4 57 47.8469
4 58 140.8286
4 59 246.8389
4 60 292.6057
4 61 24.6205
4 62 92.0822
4 63 107.2152
4 64 227.781
4 65 11.0218
4 66 241.6348
4 67 50.4251
4 68 254.4529
4 69 115.7307
4 70 69.0492
4 71 183.5389
4 72 201.0475
4 73 28.8578
4 74 60.1728
4 75 156.0134
4 76 147.0248
4 77 240.7858
4 78 111.186
4 79 148.4725
4 80 109.5703
4 81 37.7768
4 82 252.2332
4 83 241.0436
4 84 231.9747
4 85 216.6298
4 86 114.6241
4 87 102.9861
4 88 163.3127
4 89 161.2797
4 90 59.2609
4 91 71.8304
4 92 2.1072
4 93 238.8985
4 94 31.1791
4 95 201.4195
4 96 241.8818
4 97 89.461
4 98 281.6137
4 99 1.8666
5 6 4.1809
5 7 128.9895
5 8 202.8115
5 9 130.8171
5 10 296.4032
5 11 200.6536
5 12 229.9622
5 13 3.2186
5 14 6.8957
5 15 265.3646
5 16 154.2003
5 17 265.3707
5 18 130.7347
5 19 104.7624
5 20 60.0205
5 21 206.8813
5 22 99.5325
5 23 291.0089
5 24 258.8516
5 25 139.2301
5 26 226.7418
5 27 11.2863
5 28 15.0973
5 29 43.0893
5 30 85.003
5 31 252.6131
5 32 139.4159
5 33 180.1754
5 34 96.3261
5 35 9.1505
5 36 185.3152
5 37 225.9717
5 38 251.411
5 39 131.0799
5 40 150.3675
5 41 235.5184
5 42 159.0152
5 43 150.7525
5 44 164.011
5 45 286.9041
5 46 127.169
5 47 279.7618
5 48 62.7106
5 49 238.1428
5 50 186.5531
5 51 150.6453
5 52 248.8137
5 53 81.437
5 54 123.5358
5 55 277.0317
5 56 97.5148
5 57 182.1137
5 58 72.6604
5 59 172.679
5 60 62.524
5 61 198.0415
5 62 218.7672
5 63 66.7461
5 64 168.4328
5 65 95.3819
5 66 274.3196
5 67 271.1764
5 68 97.2932
5 69 123.9493
5 70 43.656
5 71 96.112
5 72 263.0254
5 73 192.3355
5 74 178.4746
5 75 1.4472
5 76 182.5283
5 77 27.2493
5 78 70.2583
5 79 192.7546
5 80 85.4204
5 81 16.5355
5 82 235.1001
5 83 71.2242
5 84 294.9847
5 85 205.9731
5 86 204.1156
5 87 257.0121
5 88 29.5588
5 89 221.4588
5 90 195.1458
5 91 109.7652
5 92 218.6724
5 93 216.2276
5 94 180.8646
5 95 237.7577
5 96 151.9543
5 97 77.3195
5 98 76.7404
5 99 39.1926
6 7 175.0869
6 8 15.2322
6 9 238.1813
6 10 5.8684
6 11 178.8552
6 12 138.5935
6 13 181.3573
6 14 143.9567
6 15 141.3335
6 16 135.6934
6 17 75.3086
6 18 69.1939
6 19 187.3328
6 20 180.0319
6 21 145.244
6 22 46.0674
6 23 217.288
6 24 253.194
6 25 250.1773
6 26 234.4192
6 27 8.5393
6 28 269.2919
6 29 291.3072
6 30 11.2804
6 31 260.4296
6 32 250.0127
6 33 262.2265
6 34 65.0538
6 35 223.8486
6 36 99.952
6 37 148.5039
6 38 157.0321
6 39 101.2405
6 40 143.8365
6 41 123.5389
6 42 90.1026
6 43 297.9367
6 44 217.0245
6 45 70.0032
6 46 235.2229
6 47 297.8915
6 48 200.3923
6 49 255.6311
6 50 187.8067
6 51 13.0044
6 52 111.2275
6 53 64.4783
6 54 207.8531
6 55 290.7993
6 56 233.7391
6 57 196.7706
6 58 174.5442
6 59 269.6283
6 60 236.5434
6 61 42.3184
6 62 221.318
6 63 211.4126
6 64 55.3003
6 65 93.404
6 66 289.4667
6 67 168.2909
6 68 159.8093
6 69 220.5389
6 70 4.6941
6 71 209.7125
6 72 25.7852
6 73 179.1187
6 74 38.8362
6 75 244.5937
6 76 228.3931
6 77 140.0424
6 78 249.0762
6 79 122.5494
6 80 102.3521
6 81 65.6729
6 82 150.0716
6 83 106.9835
6 84 214.0666
6 85 84.351
6 86 114.5969
6 87 218.4939
6 88 208.1362
6 89 284.663
6 90 244.624
6 91 190.2983
6 92 296.9611
6 93 286.4045
6 94 273.0256
6 95 169.3895
6 96 33.3769
6 97 271.3858
6 98 255.4586
6 99 52.8592
7 8 225.5298
7 9 190.4387
7 10 126.5048
7 11 3.2358
7 12 60.2224
7 13 117.3712
7 14 287.533
7 15 85.9818
7 16 14.34
7 17 5.0477
7 18 18.8684
7 19 190.5954
7 20 211.5493
7 21 171.1802
7 22 276.3446
7 23 195.1344
7 24 211.9639
7 25 31.2036
7 26 177.0233
7 27 33.0146
7 28 116.0916
7 29 276.7922
7 30 258.7946
7 31 271.0432
7 32 58.1313
7 33 204.7645
7 34 258.9499
7 35 17.8741
7 36 284.1041
7 37 174.814
7 38 250.1118
7 39 274.8486
7 40 280.72
7 41 34.3888
7 42 103.9527
7 43 27.7127
7 44 34.8449
7 45 298.1919
7 46 138.1786
7 47 253.3943
7 48 118.2366
7 49 21.6219
7 50 176.5593
7 51 146.6552
7 52 259.1215
7 53 287.4452
7 54 116.5707
7 55 215.6014
7 56 3.4508
7 57 8.2615
7 58 30.4745
7 59 195.4803
7 60 3.8005
7 61 216.4824
7 62 278.5048
7 63 250.6413
7 64 44.489
7 65 277.0349
7 66 217.5224
7 67 95.4352
7 68 215.493
7 69 296.759
7 70 198.2697
7 71 223.4431
7 72 77.5097
7 73 217.6447
7 74 21.4651
7 75 46.1296
7 76 295.8287
7 77 146.9539
7 78 40.1137
7 79 254.9043
7 80 165.0341
7 81 3.2485
7 82 102.6
7 83 212.9781
7 84 18.475
7 85 102.2191
7 86 135.0566
7 87 136.7254
7 88 91.9827
7 89 62.2379
7 90 288.097
7 91 142.2842
7 92 50.3336
7 93 261.8853
7 94 37.178
7 95 86.5617
7 96 99.0191
7 97 293.7468
7 98 261.661
7 99 278.0549
8 9 4.6216
8 10 12.8375
8 11 44.5068
8 12 186.1582
8 13 250.92
8 14 163.4152
8 15 128.8971
8 16 70.2133
8 17 18.9983
8 18 70.7168
8 19 148.0793
8 20 248.6154
8 21 254.5966
8 22 122.3512
8 23 205.4564
8 24 99.2618
8 25 60.4905
8 26 111.5458
8 27 105.8572
8 28 166.8629
8 29 226.6744
8 30 110.4846
8 31 210.2457
8 32 275.9006
8 33 295.5692
8 34 192.583
8 35 25.9923
8 36 63.53
8 37 187.9297
8 38 16.5147
8 39 290.6993
8 40 159.0793
8 41 40.8111
8 42 148.805
8 43 178.6185
8 44 74.5571
8 45 170.5293
8 46 232.9679
8 47 111.8665
8 48 271.2744
8 49 147.7782
8 50 112.1629
8 51 206.2891
8 52 188.0396
8 53 256.4125
8 54 145.5937
8 55 116.5408
8 56 282.686
8 57 42.9668
8 58 102.1074
8 59 141.8014
8 60 263.7658
8 61 28.0157
8 62 30.7518
8 63 88.4209
8 64 281.1069
8 65 118.9066
8 66 296.3229
8 67 266.4894
8 68 172.6176
8 69 181.3566
8 70 170.0141
8 71 249.2387
8 72 239.942
8 73 154.4844
8 74 47.3326
8 75 12.5007
8 76 233.0239
8 77 280.4189
8 78 179.7082
8 79 191.1202
8 80 192.7797
8 81 28.3616
8 82 188.1841
8 83 113.796
8 84 187.749
8 85 18.0734
8 86 291.8465
8 87 223.4202
8 88 70.3423
8 89 287.649
8 90 298.3515
8 91 133.7108
8 92 137.4378
8 93 146.5692
8 94 17.0997
8 95 254.6331
8 96 138.6578
8 97 99.853
8 98 111.805
8 99 32.5427
9 10 184.9285
9 11 138.3075
9 12 289.821
9 13 8.8541
9 14 56.8031
9 15 290.4044
9 16 100.9231
9 17 142.9582
9 18 250.9331
9 19 194.9593
9 20 108.495
9 21 299.1868
9 22 64.6118
9 23 73.9344
9 24 196.2881
9 25 264.1953
9 26 17.0356
9 27 215.6885
9 28 2.2145
9 29 232.3314
9 30 40.311
9 31 66.5361
9 32 261.6185
9 33 91.831
9 34 196.1852
9 35 237.9745
9 36 244.1113
9 37 55.5577
9 38 239.484
9 39 86.3429
9 40 92.6146
9 41 263.3955
9 42 182.3482
9 43 85.9789
9 44 65.7898
9 45 161.4332
9 46 95.3171
9 47 25.5346
9 48 153.1325
9 49 114.6194
9 50 3.666
9 51 77.9969
9 52 150.5736
9 53 28.3519
9 54 86.7777
9 55 267.7306
9 56 137.1963
9 57 88.76
9 58 93.1276
9 59 140.8594
9 60 249.9039
9 61 33.9579
9 62 184.3535
9 63 290.8139
9 64 75.6138
9 65 92.4501
9 66 278.7373
9 67 43.2468
9 68 32.784
9 69 47.1633
9 70 194.0301
9 71 279.367
9 72 267.9065
9 73 263.5461
9 74 125.568
9 75 37.5987
9 76 250.2636
9 77 26.9128
9 78 59.9625
9 79 128.4993
9 80 8.0068
9 81 294.4186
9 82 4.5652
9 83 120.3082
9 84 4.9712
9 85 39.4544
9 86 151.7475
9 87 100.0445
9 88 101.5572
9 89 60.9055
9 90 239.9085
9 91 84.7177
9 92 284.3708
9 93 285.3551
9 94 87.6806
9 95 131.8945
9 96 283.6322
9 97 244.5701
9 98 106.9087
9 99 58.5693
10 11 79.5552
10 12 98.5425
10 13 150.3094
10 14 239.0358
10 15 62.9814
10 16 20.3129
10 17 32.812
10 18 271.8299
10 19 253.3245
10 20 17.5892
10 21 89.5833
10 22 43.3955
10 23 45.4477
10 24 86.2883
10 25 271.841
10 26 208.4397
10 27 246.9741
10 28 247.2546
10 29 110.6876
10 30 205.5014
10 31 115.6067
10 32 254.6911
10 33 60.2881
10 34 254.6686
10 35 61.3991
10 36 240.2907
10 37 222.7182
10 38 269.102
10 39 114.6358
10 40 257.884
10 41 155.6143
10 42 209.1631
10 43 51.602
10 44 265.5646
10 45 105.5091
10 46 279.3989
10 47 256.9263
10 48 292.9022
10 49 199.0892
10 50 278.4508
10 51 47.6585
10 52 178.5521
10 53 280.1768
10 54 174.969
10 55 126.9829
10 56 66.1418
10 57 24.9746
10 58 164.1401
10 59 116.7933
10 60 259.4912
10 61 67.8374
10 62 100.8856
10 63 260.5382
10 64 284.0922
10 65 117.8595
10 66 186.5033
10 67 49.5155
10 68 159.3582
10 69 132.672
10 70 249.1748
10 71 17.1499
10 72 68.9932
10 73 94.9849
10 74 166.5094
10 75 97.6391
10 76 140.1949
10 77 6.7994
10 78 284.6268
10 79 241.1864
10 80 56.148
10 81 273.3853
10 82 79.5122
10 83 117.8104
10 84 257.943
10 85 90.6369
10 86 66.6059
10 87 134.146
10 88 60.4827
10 89 27.0654
10 90 28.2079
10 91 133.6122
10 92 175.8063
10 93 126.7687
10 94 256.1282
10 95 177.3115
10 96 224.459
10 97 298.1847
10 98 157.0471
10 99 183.1184
11 12 177.8047
11 13 288.002
11 14 165.8437
11 15 207.6453
11 16 255.943
11 17 55.3934
11 18 229.8767
11 19 197.8226
11 20 252.0991
11 21 29.6747
11 22 268.1884
11 23 7.2769
11 24 165.6379
11 25 15.1419
11 26 57.6261
11 27 126.2647
11 28 17.1654
11 29 293.2699
11 30 144.8252
11 31 180.5739
11 32 130.2821
11 33 262.7073
11 34 35.937
11 35 111.5797
11 36 289.5797
11 37 91.5622
11 38 246.2958
11 39 267.3306
11 40 133.8225
11 41 293.9762
11 42 41.9497
11 43 55.146
11 44 32.0734
11 45 157.3233
11 46 126.758
11 47 266.0894
11 48 2.5204
11 49 178.6805
11 50 64.7518
11 51 228.1037
11 52 160.4753
11 53 97.7803
11 54 107.1063
11 55 221.194
11 56 260.3542
11 57 31.4015
11 58 239.6782
11 59 144.9323
11 60 108.5675
11 61 133.8809
11 62 97.7195
11 63 98.6143
11 64 145.553
11 65 100.607
11 66 40.0294
11 67 180.652
11 68 260.3278
11 69 128.4099
11 70 82.8093
11 71 84.5378
11 72 166.9755
11 73 57.7795
11 74 184.6153
11 75 116.6017
11 76 79.809
11 77 287.3874
11 78 33.2673
11 79 176.1952
11 80 252.0616
11 81 235.2086
11 82 81.5581
11 83 194.5029
11 84 223.1624
11 85 210.5887
11 86 233.4754
11 87 192.4304
11 88 22.1377
11 89 98.8796
11 90 143.6009
11 91 257.5109
11 92 49.2792
11 93 251.4023
11 94 226.0303
11 95 87.1948
11 96 167.5281
11 97 87.1529
11 98 167.1335
11 99 237.154
12 13 130.3635
12 14 117.2655
12 15 218.7757
12 16 114.4349
12 17 245.1282
12 18 139.4349
12 19 228.7119
12 20 201.7494
12 21 183.3403
12 22 21.8115
12 23 240.5916
12 24 52.5034
12 25 166.7618
12 26 135.8225
12 27 157.8724
12 28 221.9836
12 29 187.0326
12 30 5.4226
12 31 262.7256
12 32 23.4715
12 33 17.0542
12 34 62.3891
12 35 16.5228
12 36 233.4094
12 37 83.9852
12 38 33.4447
12 39 27.7679
12 40 214.4905
12 41 226.2445
12 42 248.2425
12 43 116.628
12 44 7.6289
12 45 257.8617
12 46 156.1326
12 47 276.2749
12 48 261.4425
12 49 273.2725
12 50 260.5587
12 51 223.1191
12 52 112.0031
12 53 76.3741
12 54 189.2123
12 55 28.7716
12 56 242.8461
12 57 57.2246
12 58 250.1755
12 59 197.4072
12 60 155.1291
12 61 23.6691
12 62 75.0897
12 63 147.51
12 64 118.3561
12 65 9.0271
12 66 221.6346
12 67 136.3345
12 68 83.7366
12 69 164.674
12 70 243.1599
12 71 266.2159
12 72 208.0873
12 73 287.0817
12 74 131.8087
12 75 59.4825
12 76 293.0275
12 77 207.1455
12 78 149.6973
12 79 194.5337
12 80 39.5159
12 81 227.2676
12 82 291.8349
12 83 91.8597
12 84 205.9582
12 85 168.989
12 86 139.2125
12 87 146.1691
12 88 9.1596
12 89 249.3943
12 90 265.0538
12 91 49.6623
12 92 251.2034
12 93 105.6657
12 94 251.4762
12 95 220.3419
12 96 152.0804
12 97 12.9462
12 98 39.3811
12 99 80.7905
13 14 170.3194
13 15 182.5363
13 16 10.6419
13 17 205.5594
13 18 100.8462
13 19 68.582
13 20 271.4063
13 21 43.5437
13 22 89.1023
13 23 243.9301
13 24 260.7736
13 25 253.3823
13 26 48.1058
13 27 55.4561
13 28 130.4323
13 29 77.0174
13 30 202.2616
13 31 109.6199
13 32 158.7301
13 33 199.3853
13 34 171.8747
13 35 104.7631
13 36 91.5974
13 37 255.1006
13 38 94.7864
13 39 35.9207
13 40 24.3089
13 41 31.3771
13 42 172.9505
13 43 93.1538
13 44 101.8853
13 45 297.9269
13 46 181.3952
13 47 74.4564
13 48 32.2097
13 49 45.0386
13 50 17.7265
13 51 186.7559
13 52 94.2606
13 53 130.8842
13 54 47.8391
13 55 215.2437
13 56 237.8698
13 57 214.0158
13 58 208.8696
13 59 101.2979
13 60 170.3067
13 61 142.7719
13 62 252.5964
13 63 121.2954
13 64 45.2726
13 65 66.1805
13 66 291.957
13 67 121.1367
13 68 252.195
13 69 34.3396
13 70 60.6352
13 71 180.4155
13 72 231.4204
13 73 265.4067
13 74 216.6496
13 75 260.692
13 76 92.3944
13 77 183.9723
13 78 89.5298
13 79 20.3293
13 80 261.1046
13 81 6.3974
13 82 148.1706
13 83 114.9867
13 84 151.66
13 85 214.9515
13 86 299.5609
13 87 174.8468
13 88 69.9297
13 89 147.9679
13 90 14.6716
13 91 155.3635
13 92 172.3252
13 93 187.1935
13 94 287.6876
13 95 235.8782
13 96 93.5415
13 97 230.8643
13 98 249.5544
13 99 129.5111
14 15 85.1517
14 16 251.8868
14 17 179.5042
14 18 15.3571
14 19 47.7532
14 20 4.5072
14 21 27.0054
14 22 224.6985
14 23 53.5773
14 24 255.4862
14 25 86.7826
14 26 258.8663
14 27 225.8315
14 28 148.6192
14 29 7.3924
14 30 39.304
14 31 291.393
14 32 118.4926
14 33 68.5627
14 34 42.4871
14 35 66.1995
14 36 20.2706
14 37 237.4875
14 38 247.7062
14 39 31.6186
14 40 74.0584
14 41 36.3989
14 42 128.1285
14 43 212.6539
14 44 218.3314
14 45 93.4143
14 46 282.9935
14 47 197.6392
14 48 100.9157
14 49 118.3779
14 50 14.388
14 51 73.7854
14 52 295.4068
14 53 273.8886
14 54 110.5534
14 55 279.0236
14 56 128.8231
14 57 90.6947
14 58 247.501
14 59 278.1093
14 60 242.1232
14 61 220.7056
14 62 172.724
14 63 60.5198
14 64 226.9824
14 65 20.2096
14 66 277.3649
14 67 124.5094
14 68 248.979
14 69 155.8038
14 70 189.344
14 71 182.0867
14 72 133.2615
14 73 154.0921
14 74 143.4288
14 75 33.9926
14 76 201.5499
14 77 131.8129
14 78 156.0037
14 79 103.348
14 80 237.7715
14 81 134.5539
14 82 102.3432
14 83 202.6481
14 84 95.745
14 85 264.9771
14 86 294.8946
14 87 277.2285
14 88 179.3933
14 89 271.6453
14 90 85.5012
14 91 24.6418
14 92 104.0339
14 93 215.951
14 94 15.6176
14 95 46.7208
14 96 207.4678
14 97 151.2041
14 98 43.103
14 99 75.7601
15 16 32.3264
15 17 213.0439
15 18 86.8463
15 19 111.6224
15 20 270.562
15 21 37.439
15 22 67.0327
15 23 107.6265
15 24 231.1816
15 25 168.4693
15 26 115.8342
15 27 216.4141
15 28 276.73
15 29 252.7045
15 30 68.2314
15 31 172.4313
15 32 14.3631
15 33 10.634
15 34 95.3225
15 35 272.3871
15 36 23.4465
15 37 194.3629
15 38 4.6424
15 39 282.9382
15 40 245.342
15 41 200.7407
15 42 297.0336
15 43 246.013
15 44 65.7468
15 45 294.4099
15 46 223.2983
15 47 115.0939
15 48 196.2789
15 49 286.2793
15 50 125.6487
15 51 35.1284
15 52 246.6085
15 53 135.0375
15 54 87.4163
15 55 38.6034
15 56 256.7862
15 57 68.9305
15 58 39.5684
15 59 103.3832
15 60 100.1558
15 61 106.1142
15 62 10.3075
15 63 169.0428
15 64 168.6444
15 65 11.0208
15 66 77.2519
15 67 86.8858
15 68 204.0689
15 69 6.1883
15 70 139.8102
15 71 173.1987
15 72 135.8199
15 73 154.3346
15 74 296.9326
15 75 38.6482
15 76 2.2406
15 77 9.1437
15 78 218.5999
15 79 58.7726
15 80 139.5236
15 81 86.5158
15 82 186.5555
15 83 162.9253
15 84 57.8093
15 85 212.6694
15 86 16.1298
15 87 245.6499
15 88 281.6777
15 89 100.686
15 90 171.9165
15 91 99.2011
15 92 166.0667
15 93 111.1735
15 94 144.505
15 95 270.1667
15 96 280.1871
15 97 156.6864
15 98 276.0355
15 99 55.1601
16 17 166.0239
16 18 196.4457
16 19 289.5025
16 20 31.0042
16 21 211.3303
16 22 208.2803
16 23 124.8464
16 24 142.2283
16 25 283.2933
16 26 233.7241
16 27 21.6483
16 28 27.4686
16 29 78.825
16 30 51.6494
16 31 85.0094
16 32 283.9579
16 33 257.5507
16 34 123.7464
16 35 191.2335
16 36 212.4829
16 37 282.67
16 38 173.3653
16 39 97.4996
16 40 71.4706
16 41 78.5578
16 42 103.2425
16 43 137.9507
16 44 246.771
16 45 142.3107
16 46 58.7037
16 47 136.4024
16 48 83.1806
16 49 263.227
16 50 167.7284
16 51 221.7473
16 52 129.6231
16 53 133.0518
16 54 183.6597
16 55 49.2317
16 56 115.0555
16 57 191.8936
16 58 222.1081
16 59 297.8999
16 60 67.1775
16 61 78.5033
16 62 188.2298
16 63 252.4273
16 64 208.62
16 65 295.2815
16 66 65.4276
16 67 214.0898
16 68 10.006
16 69 103.8132
16 70 110.4716
16 71 68.2226
16 72 76.1129
16 73 201.077
16 74 140.1339
16 75 99.2576
16 76 71.9404
16 77 230.7865
16 78 274.9872
16 79 200.0553
16 80 280.2877
16 81 68.8344
16 82 269.7735
16 83 149.2185
16 84 66.2575
16 85 52.875
16 86 288.8464
16 87 200.4374
16 88 46.586
16 89 248.2226
16 90 40.596
16 91 297.3794
16 92 89.4816
16 93 197.0838
16 94 192.1833
16 95 92.3409
16 96 59.6045
16 97 268.7436
16 98 96.236
16 99 156.5577
17 18 98.1659
17 19 38.8897
17 20 18.3369
17 21 130.9991
17 22 244.1831
17 23 115.906
17 24 45.2548
17 25 182.4913
17 26 43.1458
17 27 140.782
17 28 136.9705
17 29 89.327
17 30 166.2709
17 31 5.1841
17 32 159.7585
17 33 101.0255
17 34 65.805
17 35 260.3935
17 36 212.1178
17 37 213.7653
17 38 249.3762
17 39 108.1832
17 40 153.75
17 41 100.9818
17 42 85.3286
17 43 67.2121
17 44 173.0013
17 45 299.8518
17 46 33.4438
17 47 231.5793
17 48 64.3276
17 49 128.4651
17 50 174.3522
17 51 258.945
17 52 191.967
17 53 4.5052
17 54 259.7947
17 55 120.8732
17 56 114.2384
17 57 295.0006
17 58 116.9964
17 59 272.8222
17 60 246.4913
17 61 93.3514
17 62 5.699
17 63 266.2984
17 64 99.3605
17 65 37.6589
17 66 28.3756
17 67 269.1469
17 68 200.9675
17 69 215.4514
17 70 262.0594
17 71 271.3002
17 72 223.0003
17 73 136.5932
17 74 12.1324
17 75 135.4699
17 76 222.3948
17 77 258.4399
17 78 205.0296
17 79 171.7609
17 80 232.1766
17 81 140.6797
17 82 158.1795
17 83 175.7921
17 84 225.766
17 85 139.6163
17 86 173.5067
17 87 75.5407
17 88 8.5164
17 89 175.9352
17 90 23.7504
17 91 272.1573
17 92 274.5413
17 93 48.7498
17 94 170.8543
17 95 88.1167
17 96 79.2497
17 97 21.8198
17 98 172.2027
17 99 65.7467
18 19 205.4459
18 20 48.7637
18 21 9.2205
18 22 58.4655
18 23 216.8325
18 24 296.812
18 25 290.0072
18 26 79.5942
18 27 264.732
18 28 295.9952
18 29 164.5439
18 30 76.3691
18 31 168.4638
18 32 29.8844
18 33 268.7876
18 34 176.3565
18 35 68.2115
18 36 123.7082
18 37 232.6138
18 38 136.1404
18 39 52.5698
18 40 46.0707
18 41 92.1049
18 42 255.6728
18 43 125.8867
18 44 56.9685
18 45 135.6194
18 46 115.5279
18 47 7.9072
18 48 46.1642
18 49 20.6965
18 50 210.3137
18 51 229.7504
18 52 243.1618
18 53 132.7857
18 54 203.7978
18 55 78.7959
18 56 66.8631
18 57 89.7876
18 58 272.0369
18 59 275.4182
18 60 161.0938
18 61 265.3452
18 62 260.0896
18 63 287.4826
18 64 116.1781
18 65 237.5824
18 66 297.4839
18 67 244.6576
18 68 180.4378
18 69 119.8067
18 70 46.7204
18 71 74.2417
18 72 134.1924
18 73 189.1864
18 74 74.7051
18 75 269.3565
18 76 6.7627
18 77 189.633
18 78 257.3765
18 79 298.8039
18 80 111.3176
18 81 114.0385
18 82 227.8615
18 83 182.3048
18 84 53.9484
18 85 179.1089
18 86 91.9752
18 87 235.054
18 88 79.1897
18 89 197.172
18 90 35.9214
18 91 108.4332
18 92 34.9376
18 93 174.8687
18 94 200.4586
18 95 230.8701
18 96 149.0822
18 97 38.5972
18 98 120.1313
18 99 25.5582
19 20 125.1803
19 21 114.4459
19 22 254.9911
19 23 277.5302
19 24 249.5818
19 25 154.5431
19 26 102.5943
19 27 182.0668
19 28 199.8246
19 29 54.7999
19 30 133.3719
19 31 112.4587
19 32 243.0425
19 33 35.5457
19 34 213.8943
19 35 294.4955
19 36 82.4445
19 37 284.9812
19 38 246.5208
19 39 82.1519
19 40 265.1539
19 41 88.3466
19 42 93.054
19 43 257.9464
19 44 165.6479
19 45 109.1372
19 46 26.8379
19 47 13.6715
19 48 195.2369
19 49 183.6603
19 50 151.3813
19 51 163.6278
19 52 91.9817
19 53 256.6244
19 54 280.2974
19 55 211.6679
19 56 9.2082
19 57 138.4024
19 58 85.174
19 59 34.1562
19 60 28.7678
19 61 93.8057
19 62 121.7688
19 63 150.1313
19 64 64.5879
19 65 42.4572
19 66 136.3575
19 67 122.6117
19 68 293.9609
19 69 179.5077
19 70 32.8415
19 71 203.934
19 72 108.2759
19 73 40.7756
19 74 262.3476
19 75 210.2523
19 76 114.0394
19 77 27.902
19 78 141.4683
19 79 97.3901
19 80 169.4605
19 81 269.5922
19 82 102.1451
19 83 29.1309
19 84 239.9428
19 85 296.8439
19 86 136.3008
19 87 185.6256
19 88 231.243
19 89 276.3641
19 90 20.8938
19 91 299.9857
19 92 260.1851
19 93 268.3334
19 94 279.5462
19 95 262.0657
19 96 289.1172
19 97 165.8394
19 98 160.4065
19 99 251.8877
20 21 276.8156
20 22 261.5426
20 23 35.9249
20 24 295.483
20 25 28.4211
20 26 156.319
20 27 236.1496
20 28 47.1327
20 29 90.3124
20 30 129.7759
20 31 20.6306
20 32 293.078
20 33 11.3753
20 34 203.5446
20 35 256.1172
20 36 161.4339
20 37 127.8154
20 38 294.8051
20 39 154.4904
20 40 63.648
20 41 145.5425
20 42 214.8406
20 43 247.349
20 44 159.3046
20 45 208.2432
20 46 113.5617
20 47 157.2063
20 48 20.3232
20 49 96.9844
20 50 198.5973
20 51 228.9229
20 52 2.8775
20 53 222.8776
20 54 42.5706
20 55 49.7378
20 56 184.0396
20 57 101.4254
20 58 133.7476
20 59 15.4043
20 60 103.562
20 61 158.3326
20 62 247.3404
20 63 129.7606
20 64 94.3691
20 65 163.5298
20 66 149.6526
20 67 116.7936
20 68 278.6451
20 69 30.1488
20 70 296.745
20 71 120.6798
20 72 7.7091
20 73 24.2202
20 74 20.0734
20 75 13.2243
20 76 76.1597
20 77 162.3818
20 78 132.079
20 79 99.9563
20 80 48.6211
20 81 216.3214
20 82 106.2587
20 83 192.8534
20 84 24.2194
20 85 26.7105
20 86 157.5577
20 87 141.1773
20 88 97.7824
20 89 81.4957
20 90 271.7391
20 91 189.137
20 92 131.4452
20 93 268.8402
20 94 47.0619
20 95 292.0624
20 96 286.8754
20 97 224.2427
20 98 46.8543
20 99 85.509
21 22 62.6339
21 23 128.2433
21 24 25.3506
21 25 264.976
21 26 266.7277
21 27 197.2692
21 28 176.6617
21 29 184.6089
21 30 73.134
21 31 68.5782
21 32 89.3201
21 33 93.6123
21 34 190.8187
21 35 182.9917
21 36 145.8263
21 37 166.5823
21 38 256.904
21 39 275.4165
21 40 103.2264
21 41 5.966
21 42 87.4497
21 43 171.2243
21 44 182.2453
21 45 164.1644
21 46 36.5405
21 47 5.0096
21 48 36.464
21 49 267.8269
21 50 115.6566
21 51 274.511
21 52 269.4406
21 53 149.6066
21 54 49.9366
21 55 279.5283
21 56 72.0655
21 57 156.8339
21 58 224.9754
21 59 105.1042
21 60 191.8235
21 61 176.6529
21 62 44.2724
21 63 248.3657
21 64 70.8251
21 65 232.9356
21 66 77.3014
21 67 116.9975
21 68 87.0767
21 69 288.781
21 70 112.9346
21 71 32.8362
21 72 17.8887
21 73 47.5716
21 74 20.0141
21 75 255.4203
21 76 256.8681
21 77 202.867
21 78 141.1149
21 79 290.134
21 80 26.9513
21 81 43.7309
21 82 177.2059
21 83 45.3453
21 84 267.2419
21 85 137.8893
21 86 192.1869
21 87 114.9226
21 88 267.682
21 89 89.5778
21 90 54.6055
21 91 17.656
21 92 223.5012
21 93 203.4729
21 94 129.5276
21 95 10.974
21 96 287.9195
21 97 244.8852
21 98 237.3042
21 99 47.7156
22 23 155.3522
22 24 244.4234
22 25 221.7198
22 26 119.9283
22 27 23.2727
22 28 108.9712
22 29 9.2357
22 30 67.1464
22 31 153.9207
22 32 186.0635
22 33 167.974
22 34 200.2289
22 35 149.3905
22 36 276.4531
22 37 216.681
22 38 57.7055
22 39 158.0553
22 40 233.1031
22 41 58.1255
22 42 80.7828
22 43 128.2065
22 44 197.8497
22 45 84.1761
22 46 253.4998
22 47 191.6007
22 48 227.3944
22 49 15.6318
22 50 34.5596
22 51 84.093
22 52 146.5001
22 53 68.2969
22 54 154.9694
22 55 14.924
22 56 211.5703
22 57 38.4017
22 58 193.954
22 59 165.9017
22 60 67.8823
22 61 68.2265
22 62 7.6905
22 63 157.1457
22 64 283.3124
22 65 84.796
22 66 236.3045
22 67 157.8203
22 68 101.3024
22 69 24.4247
22 70 93.082
22 71 191.1584
22 72 275.1345
22 73 94.7839
22 74 166.1326
22 75 40.9215
22 76 181.1007
22 77 136.2612
22 78 24.2424
22 79 4.6104
22 80 234.824
22 81 214.7101
22 82 295.0658
22 83 152.6456
22 84 286.8196
22 85 287.3886
22 86 259.9281
22 87 202.2495
22 88 184.0075
22 89 286.3449
22 90 86.6103
22 91 54.0162
22 92 124.8891
22 93 27.8717
22 94 50.3719
22 95 121.4889
22 96 110.3484
22 97 248.1343
22 98 170.3399
22 99 151.6803
23 24 29.9437
23 25 179.7229
23 26 266.0387
23 27 118.0376
23 28 254.6714
23 29 36.0401
23 30 206.5101
23 31 212.8583
23 32 219.3806
23 33 43.1687
23 34 14.5111
23 35 113.7265
23 36 88.4626
23 37 186.0059
23 38 61.104
23 39 122.0459
23 40 48.6902
23 41 64.5682
23 42 281.9343
23 43 196.351
23 44 285.9781
23 45 77.2683
23 46 57.0902
23 47 108.2868
23 48 291.6745
23 49 294.5774
23 50 148.4209
23 51 185.6652
23 52 234.9393
23 53 156.1675
23 54 234.2149
23 55 35.4233
23 56 19.2634
23 57 204.0323
23 58 46.1075
23 59 292.548
23 60 243.1016
23 61 44.0642
23 62 294.8987
23 63 86.3372
23 64 225.8552
23 65 3.8798
23 66 174.0023
23 67 229.9323
23 68 181.1788
23 69 10.385
23 70 100.5034
23 71 94.1199
23 72 215.0368
23 73 221.7736
23 74 51.2221
23 75 59.8144
23 76 13.9477
23 77 14.5305
23 78 48.4192
23 79 165.4879
23 80 100.7587
23 81 268.1022
23 82 245.0206
23 83 263.8123
23 84 137.0334
23 85 28.8189
23 86 153.9363
23 87 54.0489
23 88 266.6835
23 89 246.171
23 90 65.5164
23 91 98.294
23 92 42.1769
23 93 2.496
23 94 156.9399
23 95 216.9719
23 96 232.0126
23 97 187.0966
23 98 206.4752
23 99 76.4153
24 25 238.5946
24 26 64.593
24 27 6.1
24 28 132.8491
24 29 51.8819
24 30 108.9547
24 31 211.8189
24 32 91.2311
24 33 259.826
24 34 60.9106
24 35 293.4851
24 36 238.6596
24 37 265.3902
24 38 147.1179
24 39 47.3159
24 40 137.7853
24 41 129.7075
24 42 76.2017
24 43 223.7857
24 44 259.6792
24 45 232.3806
24 46 185.7863
24 47 102.5951
24 48 276.8512
24 49 187.7839
24 50 286.9817
24 51 203.929
24 52 184.6804
24 53 119.0276
24 54 118.871
24 55 60.9528
24 56 120.1952
24 57 147.5013
24 58 204.5454
24 59 288.6373
24 60 169.5807
24 61 288.2407
24 62 64.612
24 63 9.1943
24 64 214.6387
24 65 215.6239
24 66 282.3612
24 67 112.9723
24 68 65.5473
24 69 72.1796
24 70 277.7531
24 71 60.1593
24 72 90.3578
24 73 243.4641
24 74 22.2683
24 75 282.7672
24 76 244.0786
24 77 21.9839
24 78 156.34
24 79 209.4089
24 80 31.4352
24 81 220.3904
24 82 267.8907
24 83 10.05
24 84 186.4046
24 85 235.2255
24 86 51.1713
24 87 82.6103
24 88 226.2219
24 89 174.5195
24 90 84.4797
24 91 177.4794
24 92 157.8185
24 93 41.5819
24 94 154.6904
24 95 297.0744
24 96 58.1642
24 97 199.3863
24 98 278.9922
24 99 46.7527
25 26 29.8556
25 27 22.1727
25 28 215.0808
25 29 151.8788
25 30 92.075
25 31 67.8784
25 32 139.3962
25 33 37.6773
25 34 269.167
25 35 17.0167
25 36 23.7006
25 37 225.2629
25 38 163.4437
25 39 135.8292
25 40 25.8514
25 41 234.9202
25 42 40.2965
25 43 216.1046
25 44 233.5575
25 45 181.2549
25 46 109.9777
25 47 37.0445
25 48 289.7721
25 49 213.704
25 50 257.0344
25 51 50.6157
25 52 41.4658
25 53 125.8332
25 54 263.7422
25 55 53.2222
25 56 144.6586
25 57 236.5836
25 58 222.1789
25 59 70.5787
25 60 42.4858
25 61 1.33
25 62 178.0064
25 63 69.8846
25 64 36.4296
25 65 106.6661
25 66 74.7665
25 67 77.3874
25 68 103.2057
25 69 233.3627
25 70 68.4104
25 71 70.2311
25 72 253.0641
25 73 30.785
25 74 218.7889
25 75 256.4684
25 76 116.2241
25 77 70.654
25 78 68.4322
25 79 62.6568
25 80 209.2902
25 81 261.7555
25 82 278.5967
25 83 136.8737
25 84 43.255
25 85 125.6927
25 86 245.2869
25 87 37.2307
25 88 188.6347
25 89 72.8463
25 90 209.4023
25 91 7.0857
25 92 34.6379
25 93 250.1952
25 94 119.3636
25 95 278.5168
25 96 29.8589
25 97 156.919
25 98 124.8326
25 99 241.9343
26 27 129.1575
26 28 202.4535
26 29 177.3171
26 30 230.0635
26 31 70.9136
26 32 276.0583
26 33 27.6968
26 34 292.9506
26 35 227.5516
26 36 65.8311
26 37 178.5214
26 38 299.2948
26 39 55.668
26 40 278.6177
26 41 111.1194
26 42 243.9874
26 43 75.811
26 44 29.8302
26 45 142.3465
26 46 109.2597
26 47 116.7118
26 48 127.6113
26 49 131.8611
26 50 47.4406
26 51 33.5365
26 52 243.6054
26 53 49.8539
26 54 121.0569
26 55 78.9724
26 56 113.7127
26 57 124.6623
26 58 166.7785
26 59 35.29
26 60 176.3851
26 61 223.1506
26 62 209.7211
26 63 191.1184
26 64 141.5376
26 65 60.0895
26 66 277.0599
26 67 116.0843
26 68 64.8285
26 69 212.5999
26 70 131.9223
26 71 9.8073
26 72 28.1255
26 73 60.8127
26 74 46.7496
26 75 4.0048
26 76 46.5486
26 77 256.0021
26 78 23.0232
26 79 190.3836
26 80 295.1263
26 81 172.8347
26 82 79.4317
26 83 289.8122
26 84 174.472
26 85 32.005
26 86 270.3233
26 87 3.2275
26 88 268.4067
26 89 181.7998
26 90 275.4225
26 91 51.717
26 92 257.7399
26 93 88.9574
26 94 278.3889
26 95 8.2236
26 96 267.8456
26 97 205.7385
26 98 24.6795
26 99 190.847
27 28 56.9687
27 29 18.7058
27 30 70.4562
27 31 85.5982
27 32 92.1958
27 33 278.5731
27 34 11.361
27 35 226.1192
27 36 81.3762
27 37 59.9022
27 38 52.3242
27 39 119.7113
27 40 258.8546
27 41 223.6252
27 42 95.4492
27 43 269.8604
27 44 140.0829
27 45 232.5554
27 46 166.8112
27 47 167.228
27 48 242.1613
27 49 102.4128
27 50 231.0968
27 51 161.755
27 52 148.8777
27 53 264.9411
27 54 176.0467
27 55 64.77
27 56 277.9793
27 57 289.084
27 58 29.1842
27 59 276.7343
27 60 89.1464
27 61 217.2963
27 62 44.8266
27 63 229.7122
27 64 178.2535
27 65 207.0077
27 66 116.4237
27 67 239.9511
27 68 225.0136
27 69 275.9033
27 70 34.7263
27 71 109.1653
27 72 128.0192
27 73 111.7639
27 74 166.2135
27 75 56.9339
27 76 129.9823
27 77 288.4593
27 78 47.9353
27 79 215.8413
27 80 289.3148
27 81 5.4456
27 82 70.9929
27 83 238.4772
27 84 223.6484
27 85 194.2931
27 86 255.1343
27 87 142.3251
27 88 210.3785
27 89 213.6097
27 90 206.1271
27 91 270.9516
27 92 67.3607
27 93 14.702
27 94 227.9574
27 95 246.8037
27 96 96.972
27 97 233.1494
27 98 170.6027
27 99 3.1699
28 29 66.9108
28 30 216.2221
28 31 208.7065
28 32 298.945
28 33 185.2399
28 34 218.8419
28 35 72.8202
28 36 241.9552
28 37 215.8661
28 38 121.4777
28 39 103.7812
28 40 134.8482
28 41 88.1978
28 42 143.632
28 43 227.6135
28 44 109.7689
28 45 172.2107
28 46 296.6298
28 47 236.6393
28 48 2.5849
28 49 152.0874
28 50 17.2477
28 51 109.7686
28 52 270.3915
28 53 144.2554
28 54 272.0308
28 55 160.273
28 56 137.4803
28 57 217.0607
28 58 212.9097
28 59 239.8959
28 60 251.1389
28 61 268.1036
28 62 227.323
28 63 173.7196
28 64 65.5182
28 65 31.8023
28 66 275.9158
28 67 26.1656
28 68 140.3359
28 69 209.4243
28 70 269.6476
28 71 84.1823
28 72 284.6959
28 73 31.4444
28 74 112.1978
28 75 213.4481
28 76 232.0201
28 77 157.3335
28 78 127.4327
28 79 99.6259
28 80 88.5341
28 81 99.6949
28 82 187.5411
28 83 160.3747
28 84 176.9625
28 85 198.6529
28 86 131.3604
28 87 159.9544
28 88 14.5023
28 89 32.8643
28 90 288.772
28 91 11.0254
28 92 133.0354
28 93 264.8997
28 94 37.0624
28 95 34.8031
28 96 220.6936
28 97 208.3964
28 98 236.5979
28 99 127.4493
29 30 291.943
29 31 15.9229
29 32 234.9476
29 33 220.5476
29 34 131.2074
29 35 295.9796
29 36 228.8916
29 37 122.021
29 38 115.7207
29 39 129.992
29 40 168.1606
29 41 32.447
29 42 74.8032
29 43 299.7416
29 44 204.3225
29 45 282.6793
29 46 137.5295
29 47 181.3164
29 48 146.4899
29 49 199.937
29 50 62.1165
29 51 55.177
29 52 100.0927
29 53 154.1981
29 54 110.2772
29 55 113.1257
29 56 85.2676
29 57 16.9241
29 58 166.0741
29 59 120.845
29 60 141.7004
29 61 249.9623
29 62 168.7112
29 63 288.0938
29 64 260.1571
29 65 67.061
29 66 159.2283
29 67 202.0213
29 68 80.9807
29 69 175.7442
29 70 60.8764
29 71 137.0553
29 72 61.3818
29 73 281.5796
29 74 286.6372
29 75 166.8361
29 76 189.4195
29 77 68.6876
29 78 41.5207
29 79 261.8701
29 80 18.9032
29 81 115.5761
29 82 269.229
29 83 239.7429
29 84 134.7018
29 85 14.04
29 86 109.602
29 87 166.2196
29 88 52.6863
29 89 61.6031
29 90 15.5447
29 91 147.1361
29 92 163.825
29 93 283.3414
29 94 126.1743
29 95 270.3464
29 96 281.8084
29 97 235.8373
29 98 47.0847
29 99 71.605
30 31 85.322
30 32 192.0508
30 33 130.8407
30 34 224.4687
30 35 204.2168
30 36 64.4247
30 37 178.7757
30 38 285.8695
30 39 3.799
30 40 73.9032
30 41 260.563
30 42 157.3442
30 43 279.4552
30 44 10.9001
30 45 295.4532
30 46 119.9245
30 47 154.3006
30 48 149.1991
30 49 87.3196
30 50 150.7469
30 51 257.3997
30 52 134.8353
30 53 139.6611
30 54 103.0231
30 55 277.5635
30 56 60.4396
30 57 250.3319
30 58 2.6606
30 59 295.2308
30 60 207.9633
30 61 52.0965
30 62 63.9866
30 63 98.2591
30 64 175.2424
30 65 272.229
30 66 140.495
30 67 121.0043
30 68 67.0572
30 69 175.3335
30 70 207.7864
30 71 127.3562
30 72 185.3399
30 73 104.2325
30 74 15.1326
30 75 65.5312
30 76 184.4892
30 77 9.791
30 78 212.4432
30 79 291.1127
30 80 23.3829
30 81 34.938
30 82 34.2104
30 83 183.916
30 84 75.548
30 85 51.3273
30 86 215.6609
30 87 2.5969
30 88 153.0401
30 89 208.969
30 90 57.9091
30 91 186.2834
30 92 34.1726
30 93 62.5878
30 94 82.2471
30 95 26.5282
30 96 242.968
30 97 31.5884
30 98 197.0915
30 99 144.3655
31 32 67.2015
31 33 30.3403
31 34 257.1695
31 35 98.9236
31 36 69.2481
31 37 153.6951
31 38 228.2724
31 39 298.5933
31 40 215.9258
31 41 239.8142
31 42 29.3206
31 43 25.3805
31 44 71.8134
31 45 90.468
31 46 263.708
31 47 4.4274
31 48 24.1032
31 49 87.419
31 50 90.9354
31 51 211.6812
31 52 215.3031
31 53 131.3053
31 54 101.9593
31 55 142.9047
31 56 82.3535
31 57 47.9842
31 58 166.5166
31 59 181.9096
31 60 168.8874
31 61 183.8741
31 62 198.0999
31 63 24.2517
31 64 291.8605
31 65 177.0774
31 66 180.7003
31 67 62.2455
31 68 178.0043
31 69 233.1652
31 70 259.133
31 71 39.2522
31 72 195.0877
31 73 217.5299
31 74 106.1794
31 75 121.5367
31 76 209.1754
31 77 288.939
31 78 35.8496
31 79 194.6172
31 80 179.9421
31 81 297.6761
31 82 83.3211
31 83 32.4846
31 84 259.496
31 85 77.1709
31 86 244.6984
31 87 255.0744
31 88 272.689
31 89 271.8296
31 90 291.1575
31 91 263.1213
31 92 162.5417
31 93 238.875
31 94 9.6413
31 95 290.7836
31 96 67.0115
31 97 79.8692
31 98 111.902
31 99 252.4485
32 33 241.7536
32 34 51.9195
32 35 158.3712
32 36 270.9387
32 37 182.2907
32 38 112.8397
32 39 134.5776
32 40 112.2667
32 41 284.9078
32 42 148.7979
32 43 298.1565
32 44 204.2496
32 45 284.2474
32 46 215.1528
32 47 42.3561
32 48 266.1884
32 49 111.114
32 50 192.2515
32 51 69.7953
32 52 186.3255
32 53 55.4823
32 54 111.1547
32 55 256.7475
32 56 207.9248
32 57 192.2726
32 58 76.4348
32 59 86.0987
32 60 88.0205
32 61 54.0684
32 62 230.6677
32 63 185.0737
32 64 75.105
32 65 67.1588
32 66 88.0292
32 67 133.8604
32 68 10.4227
32 69 250.4198
32 70 55.6636
32 71 134.8161
32 72 27.1967
32 73 38.1943
32 74 21.1916
32 75 21.8898
32 76 90.0702
32 77 234.4373
32 78 256.446
32 79 297.3539
32 80 199.7332
32 81 217.2664
32 82 92.5592
32 83 141.8744
32 84 290.97
32 85 37.6955
32 86 48.325
32 87 27.0799
32 88 291.2135
32 89 162.9713
32 90 82.0294
32 91 13.7184
32 92 62.2323
32 93 284.7987
32 94 50.7476
32 95 280.6396
32 96 136.3261
32 97 133.0373
32 98 270.8309
32 99 9.5671
33 34 112.2232
33 35 127.5867
33 36 218.8441
33 37 220.4995
33 38 261.0877
33 39 29.9248
33 40 222.6297
33 41 21.4429
33 42 7.6029
33 43 256.1299
33 44 158.7804
33 45 216.427
33 46 295.2203
33 47 259.1843
33 48 225.4375
33 49 224.093
33 50 97.6245
33 51 255.8433
33 52 283.2474
33 53 93.0249
33 54 248.4528
33 55 148.7303
33 56 92.4324
33 57 66.9312
33 58 287.0393
33 59 66.9277
33 60 233.5898
33 61 173.5475
33 62 72.0039
33 63 66.4154
33 64 40.3249
33 65 206.7365
33 66 266.9234
33 67 279.0401
33 68 128.3856
33 69 136.1031
33 70 279.4349
33 71 245.919
33 72 197.7003
33 73 110.7452
33 74 196.8754
33 75 17.8951
33 76 245.8109
33 77 279.371
33 78 175.4533
33 79 191.8993
33 80 153.711
33 81 10.2784
33 82 145.182
33 83 245.0258
33 84 167.7792
33 85 107.5984
33 86 200.669
33 87 110.005
33 88 177.1633
33 89 129.3132
33 90 238.5478
33 91 287.7979
33 92 107.1361
33 93 191.5067
33 94 171.2746
33 95 190.1731
33 96 149.7725
33 97 133.6755
33 98 68.9865
33 99 119.3003
34 35 83.5013
34 36 139.4822
34 37 129.2531
34 38 216.9509
34 39 153.6914
34 40 94.9078
34 41 44.5835
34 42 266.6872
34 43 41.1521
34 44 280.526
34 45 8.8511
34 46 233.3277
34 47 196.9295
34 48 239.0772
34 49 236.2174
34 50 221.5782
34 51 6.1534
34 52 281.7145
34 53 204.8704
34 54 133.2543
34 55 75.1626
34 56 170.6251
34 57 32.4114
34 58 226.6919
34 59 120.138
34 60 156.2735
34 61 80.6002
34 62 117.2885
34 63 95.4439
34 64 218.654
34 65 298.3598
34 66 76.1703
34 67 160.0314
34 68 280.973
34 69 154.2053
34 70 160.8148
34 71 296.8241
34 72 256.3542
34 73 183.8691
34 74 258.765
34 75 145.1999
34 76 107.8299
34 77 33.5174
34 78 96.0884
34 79 135.5787
34 80 226.968
34 81 231.5031
34 82 53.3297
34 83 112.7411
34 84 93.8069
34 85 34.0404
34 86 108.1689
34 87 43.0423
34 88 209.0694
34 89 38.6731
34 90 277.6041
34 91 293.9538
34 92 276.2651
34 93 70.0937
34 94 220.6411
34 95 193.1992
34 96 30.0829
34 97 10.389
34 98 220.822
34 99 4.7075
35 36 193.207
35 37 212.2296
35 38 15.4918
35 39 153.2918
35 40 268.0372
35 41 239.5449
35 42 295.63
35 43 135.0799
35 44 215.2813
35 45 249.7809
35 46 223.9279
35 47 139.7462
35 48 84.3827
35 49 48.5047
35 50 84.6502
35 51 206.0204
35 52 186.9242
35 53 257.1751
35 54 65.0887
35 55 59.164
35 56 114.2383
35 57 186.8774
35 58 277.527
35 59 64.667
35 60 291.4499
35 61 58.1808
35 62 272.6727
35 63 143.1493
35 64 179.6489
35 65 249.916
35 66 142.6099
35 67 255.6321
35 68 227.9951
35 69 285.1929
35 70 17.1503
35 71 18.4074
35 72 238.494
35 73 260.0421
35 74 115.3756
35 75 199.7062
35 76 166.149
35 77 32.6947
35 78 146.2789
35 79 260.2577
35 80 245.7887
35 81 61.1124
35 82 136.5824
35 83 101.1095
35 84 154.5138
35 85 125.237
35 86 60.92
35 87 61.3675
35 88 34.4023
35 89 162.6347
35 90 239.9835
35 91 215.2162
35 92 160.3342
35 93 205.326
35 94 128.7376
35 95 225.1316
35 96 125.3601
35 97 249.1462
35 98 285.1769
35 99 65.0911
36 37 126.0434
36 38 152.4437
36 39 216.1328
36 40 127.6453
36 41 82.3432
36 42 146.7432
36 43 86.63
36 44 287.1376
36 45 218.3905
36 46 45.672
36 47 179.9976
36 48 199.2114
36 49 203.411
36 50 171.1116
36 51 115.7512
36 52 269.6663
36 53 181.3079
36 54 229.4627
36 55 2.2696
36 56 194.6992
36 57 260.1948
36 58 148.9934
36 59 146.9886
36 60 232.8306
36 61 37.3762
36 62 137.3941
36 63 186.0891
36 64 195.6092
36 65 2.1832
36 66 105.1349
36 67 225.7356
36 68 43.6124
36 69 87.815
36 70 72.1003
36 71 169.843
36 72 232.7593
36 73 156.129
36 74 65.8101
36 75 258.7637
36 76 22.1356
36 77 132.1926
36 78 97.0584
36 79 228.2107
36 80 155.6172
36 81 19.2131
36 82 211.9155
36 83 229.8779
36 84 108.1216
36 85 188.1539
36 86 213.8547
36 87 92.4159
36 88 103.1918
36 89 35.8333
36 90 243.0058
36 91 156.176
36 92 53.2681
36 93 54.3928
36 94 51.5273
36 95 176.4256
36 96 51.3944
36 97 190.7963
36 98 152.6122
36 99 146.1043
37 38 215.5718
37 39 160.7708
37 40 184.304
37 41 54.7893
37 42 156.2048
37 43 264.3488
37 44 233.7765
37 45 71.9531
37 46 125.5007
37 47 19.3032
37 48 90.0124
37 49 28.493
37 50 113.5382
37 51 220.4165
37 52 42.1684
37 53 263.1545
37 54 89.1567
37 55 205.7889
37 56 3.2418
37 57 269.3725
37 58 276.013
37 59 4.7744
37 60 296.713
37 61 185.6674
37 62 191.4693
37 63 222.3348
37 64 21.8671
37 65 6.2526
37 66 296.8937
37 67 205.3059
37 68 82.7907
37 69 31.2934
37 70 135.1589
37 71 70.8638
37 72 224.016
37 73 284.2401
37 74 101.7171
37 75 131.9503
37 76 112.6993
37 77 123.2282
37 78 194.4318
37 79 11.8026
37 80 215.9997
37 81 21.2744
37 82 35.5156
37 83 282.4816
37 84 276.8161
37 85 55.1206
37 86 254.8737
37 87 143.9261
37 88 187.126
37 89 132.345
37 90 87.283
37 91 119.0922
37 92 171.6635
37 93 136.0165
37 94 198.3524
37 95 254.8512
37 96 129.6946
37 97 188.2568
37 98 103.4921
37 99 180.9623
38 39 54.1115
38 40 134.6279
38 41 100.2034
38 42 255.5514
38 43 59.2841
38 44 157.9454
38 45 56.9873
38 46 14.5142
38 47 46.1679
38 48 5.3545
38 49 102.7441
38 50 243.7513
38 51 187.9581
38 52 184.7667
38 53 2.5721
38 54 271.9429
38 55 42.2417
38 56 156.2979
38 57 170.3508
38 58 147.5995
38 59 264.4473
38 60 232.1424
38 61 188.2312
38 62 266.4034
38 63 26.2626
38 64 212.3441
38 65 98.8873
38 66 203.1314
38 67 1.8352
38 68 61.853
38 69 44.9249
38 70 134.9134
38 71 115.3292
38 72 291.668
38 73 149.2424
38 74 21.3047
38 75 178.6054
38 76 54.5941
38 77 104.2556
38 78 276.5124
38 79 261.8322
38 80 112.8574
38 81 96.1152
38 82 283.2746
38 83 30.0704
38 84 156.5016
38 85 229.4872
38 86 271.9733
38 87 95.1357
38 88 201.7696
38 89 111.1432
38 90 183.5174
38 91 289.0997
38 92 21.3693
38 93 79.0235
38 94 214.5528
38 95 19.5479
38 96 144.396
38 97 158.6015
38 98 34.7721
38 99 68.1873
39 40 215.8408
39 41 113.427
39 42 175.7274
39 43 193.8822
39 44 72.105
39 45 189.2519
39 46 214.7297
39 47 82.4342
39 48 288.5025
39 49 212.1388
39 50 116.2087
39 51 31.6954
39 52 18.9354
39 53 41.1211
39 54 208.2681
39 55 200.9995
39 56 274.0756
39 57 248.9374
39 58 118.4718
39 59 168.2457
39 60 166.7018
39 61 228.742
39 62 269.8916
39 63 206.687
39 64 264.6179
39 65 199.2892
39 66 290.6919
39 67 219.1651
39 68 36.5512
39 69 105.2767
39 70 149.0252
39 71 208.0157
39 72 118.8275
39 73 183.2759
39 74 127.121
39 75 190.6249
39 76 298.8504
39 77 104.6334
39 78 119.7651
39 79 193.0058
39 80 67.2292
39 81 208.4845
39 82 235.5545
39 83 69.5327
39 84 150.97
39 85 144.5742
39 86 185.9202
39 87 104.6439
39 88 266.4811
39 89 48.1452
39 90 46.3383
39 91 207.6446
39 92 77.8465
39 93 209.7832
39 94 96.765
39 95 190.2809
39 96 220.3318
39 97 268.2672
39 98 193.9248
39 99 108.5211
40 41 131.7652
40 42 45.3642
40 43 15.8301
40 44 45.4015
40 45 185.9404
40 46 146.2729
40 47 9.4983
40 48 185.887
40 49 200.4527
40 50 90.5363
40 51 194.1314
40 52 80.8255
40 53 114.1581
40 54 66.9892
40 55 191.0613
40 56 273.097
40 57 137.5125
40 58 220.4523
40 59 25.7056
40 60 19.7055
40 61 116.5535
40 62 288.8863
40 63 258.3542
40 64 149.5809
40 65 70.5285
40 66 175.4646
40 67 134.5919
40 68 124.5743
40 69 254.8765
40 70 28.1305
40 71 186.2303
40 72 239.2281
40 73 83.2461
40 74 262.217
40 75 147.0817
40 76 242.3857
40 77 49.8838
40 78 148.4345
40 79 43.2756
40 80 124.7736
40 81 160.0387
40 82 133.0072
40 83 124.5628
40 84 201.9508
40 85 133.9697
40 86 210.3548
40 87 270.0909
40 88 135.4371
40 89 269.5074
40 90 129.418
40 91 211.367
40 92 297.7782
40 93 20.9515
40 94 216.6276
40 95 26.8571
40 96 289.1237
40 97 176.2647
40 98 104.6917
40 99 98.5958
41 42 269.4223
41 43 57.4808
41 44 138.2743
41 45 24.1203
41 46 84.3862
41 47 231.1533
41 48 221.0048
41 49 71.8451
41 50 147.0681
41 51 96.1172
41 52 21.3752
41 53 146.8332
41 54 40.1723
41 55 107.3792
41 56 254.178
41 57 248.8855
41 58 148.1777
41 59 99.897
41 60 104.2112
41 61 87.5954
41 62 7.0287
41 63 178.0168
41 64 62.0747
41 65 207.747
41 66 186.5217
41 67 266.8289
41 68 214.1388
41 69 199.2951
41 70 167.3781
41 71 64.0387
41 72 185.9307
41 73 159.5289
41 74 138.0404
41 75 177.2599
41 76 223.961
41 77 74.1404
41 78 20.1046
41 79 251.9839
41 80 190.2061
41 81 136.274
41 82 151.8265
41 83 6.745
41 84 244.2462
41 85 249.5347
41 86 104.2187
41 87 287.8902
41 88 299.5116
41 89 90.6514
41 90 107.9677
41 91 234.726
41 92 297.1379
41 93 10.452
41 94 226.8339
41 95 30.0283
41 96 259.9
41 97 197.3281
41 98 50.4326
41 99 246.2533
42 43 244.7005
42 44 268.929
42 45 32.3148
42 46 199.7871
42 47 87.7757
42 48 122.1386
42 49 11.3411
42 50 109.981
42 51 247.1568
42 52 205.765
42 53 241.568
42 54 29.559
42 55 98.8583
42 56 72.5691
42 57 171.1404
42 58 257.9209
42 59 173.0397
42 60 266.1814
42 61 153.705
42 62 87.4378
42 63 226.8813
42 64 40.1455
42 65 293.9501
42 66 233.7497
42 67 277.5432
42 68 296.494
42 69 279.379
42 70 28.2172
42 71 59.5759
42 72 262.3076
42 73 253.1242
42 74 73.8785
42 75 232.0734
42 76 298.7537
42 77 17.6758
42 78 237.483
42 79 272.5988
42 80 226.7291
42 81 87.3131
42 82 117.3944
42 83 137.731
42 84 143.2863
42 85 197.2033
42 86 180.8716
42 87 276.3814
42 88 32.6285
42 89 194.2518
42 90 270.1736
42 91 175.2616
42 92 299.7339
42 93 10.3371
42 94 125.5602
42 95 1.8113
42 96 288.3925
42 97 189.6487
42 98 137.9471
42 99 61.266
43 44 57.7064
43 45 179.7469
43 46 265.8561
43 47 115.7235
43 48 222.7959
43 49 80.5393
43 50 184.4055
43 51 108.2687
43 52 128.2001
43 53 25.3408
43 54 43.8061
43 55 236.743
43 56 287.7976
43 57 91.2264
43 58 187.0913
43 59 61.7947
43 60 46.9726
43 61 201.7928
43 62 275.6589
43 63 69.0001
43 64 124.3224
43 65 44.4048
43 66 56.2549
43 67 159.2703
43 68 208.1796
43 69 260.4174
43 70 230.1676
43 71 160.7682
43 72 32.2108
43 73 30.0017
43 74 255.3233
43 75 167.5024
43 76 274.125
43 77 101.1191
43 78 52.9892
43 79 255.7243
43 80 205.2916
43 81 200.5493
43 82 168.3747
43 83 178.1037
43 84 84.2444
43 85 126.8268
43 86 109.3581
43 87 297.5167
43 88 121.3457
43 89 28.6462
43 90 257.1727
43 91 12.0097
43 92 85.223
43 93 40.0456
43 94 58.5745
43 95 128.02
43 96 54.0442
43 97 102.7879
43 98 297.622
43 99 211.7126
44 45 218.3081
44 46 124.9245
44 47 84.9257
44 48 255.9349
44 49 27.5821
44 50 206.1193
44 51 13.8172
44 52 139.4524
44 53 172.6697
44 54 129.4627
44 55 64.6667
44 56 90.7052
44 57 3.5993
44 58 108.0494
44 59 119.531
44 60 121.6446
44 61 298.0821
44 62 105.1884
44 63 81.7348
44 64 164.9301
44 65 279.7819
44 66 190.6588
44 67 218.8584
44 68 48.1706
44 69 85.7777
44 70 291.0647
44 71 213.2261
44 72 205.4185
44 73 174.3591
44 74 251.5004
44 75 292.784
44 76 150.7439
44 77 113.3162
44 78 163.6788
44 79 39.0228
44 80 22.2191
44 81 216.2041
44 82 204.7911
44 83 147.5358
44 84 67.0239
44 85 285.7949
44 86 15.4958
44 87 138.704
44 88 276.4773
44 89 15.4175
44 90 281.1522
44 91 96.1024
44 92 103.6325
44 93 191.333
44 94 46.1738
44 95 290.6136
44 96 105.2315
44 97 48.4433
44 98 64.6871
44 99 144.6224
45 46 27.7608
45 47 16.9466
45 48 248.4997
45 49 107.1912
45 50 45.4462
45 51 172.3215
45 52 134.2606
45 53 87.401
45 54 51.3515
45 55 4.5884
45 56 177.7282
45 57 120.987
45 58 81.787
45 59 69.6008
45 60 30.2163
45 61 175.825
45 62 161.6658
45 63 78.7779
45 64 62.9356
45 65 187.0397
45 66 142.3584
45 67 265.9657
45 68 81.7718
45 69 244.4671
45 70 87.0438
45 71 186.6707
45 72 247.0554
45 73 120.2996
45 74 252.0252
45 75 25.4127
45 76 120.9292
45 77 82.7958
45 78 147.9221
45 79 293.8873
45 80 43.5636
45 81 123.7101
45 82 133.0371
45 83 67.8311
45 84 221.7558
45 85 193.386
45 86 94.6769
45 87 228.064
45 88 58.561
45 89 67.223
45 90 44.7241
45 91 295.6997
45 92 75.696
45 93 299.3522
45 94 99.6965
45 95 96.7825
45 96 256.4667
45 97 102.4357
45 98 214.2942
45 99 161.4095
46 47 105.66
46 48 236.1753
46 49 64.804
46 50 279.5851
46 51 189.5225
46 52 256.6574
46 53 97.4844
46 54 226.7922
46 55 169.0672
46 56 1.1097
46 57 143.0476
46 58 266.7665
46 59 29.9712
46 60 178.0244
46 61 278.0292
46 62 199.6907
46 63 113.8767
46 64 239.8577
46 65 42.2145
46 66 55.6366
46 67 239.9877
46 68 30.2279
46 69 160.8818
46 70 131.6205
46 71 283.9813
46 72 188.5376
46 73 259.4035
46 74 142.0404
46 75 299.921
46 76 199.3481
46 77 172.3147
46 78 98.5511
46 79 248.4569
46 80 218.1822
46 81 169.571
46 82 40.6788
46 83 36.2587
46 84 204.4922
46 85 294.9753
46 86 273.5718
46 87 185.2656
46 88 229.5011
46 89 12.0516
46 90 155.6644
46 91 236.285
46 92 291.7699
46 93 58.1711
46 94 155.1083
46 95 8.7091
46 96 70.3096
46 97 12.5459
46 98 249.2261
46 99 253.4217
47 48 51.6324
47 49 60.0352
47 50 44.4875
47 51 197.1308
47 52 259.4588
47 53 33.5071
47 54 91.1226
47 55 254.2258
47 56 159.8029
47 57 144.245
47 58 234.0194
47 59 8.8296
47 60 128.0877
47 61 126.9961
47 62 5.7604
47 63 222.3245
47 64 241.0763
47 65 16.4016
47 66 290.9037
47 67 51.7042
47 68 30.9037
47 69 296.0831
47 70 25.7203
47 71 35.5848
47 72 169.8834
47 73 77.1995
47 74 3.9996
47 75 231.927
47 76 196.3675
47 77 220.0614
47 78 15.6696
47 79 118.3145
47 80 212.4395
47 81 235.6504
47 82 28.2202
47 83 58.4901
47 84 261.2221
47 85 220.8496
47 86 39.3872
47 87 218.0147
47 88 30.0823
47 89 87.3034
47 90 260.7555
47 91 211.1977
47 92 239.6618
47 93 269.3572
47 94 217.0145
47 95 79.6774
47 96 25.5071
47 97 126.9441
47 98 168.0006
47 99 9.6548
48 49 61.3734
48 50 197.2027
48 51 108.6527
48 52 163.8512
48 53 68.6081
48 54 256.3919
48 55 215.0121
48 56 130.9863
48 57 263.9467
48 58 246.6788
48 59 240.3042
48 60 235.8672
48 61 196.1018
48 62 272.6425
48 63 214.8381
48 64 156.0061
48 65 84.3695
48 66 71.2538
48 67 270.0119
48 68 182.8836
48 69 163.919
48 70 144.0159
48 71 216.2171
48 72 40.8745
48 73 85.1865
48 74 243.5547
48 75 271.7103
48 76 219.9184
48 77 257.187
48 78 11.4192
48 79 143.8625
48 80 119.2698
48 81 170.7279
48 82 75.924
48 83 252.0642
48 84 237.9002
48 85 54.0055
48 86 258.3492
48 87 223.671
48 88 285.7335
48 89 296.5476
48 90 13.0971
48 91 256.1015
48 92 126.5584
48 93 18.0602
48 94 113.2234
48 95 103.5664
48 96 6.3301
48 97 234.9755
48 98 247.5601
48 99 62.3043
49 50 47.2793
49 51 245.0684
49 52 29.2938
49 53 170.9828
49 54 265.8211
49 55 233.3238
49 56 99.3314
49 57 253.7889
49 58 113.8483
49 59 13.9336
49 60 106.5031
49 61 283.5646
49 62 170.9599
49 63 283.6641
49 64 147.4228
49 65 52.5116
49 66 268.4938
49 67 43.3
49 68 47.6533
49 69 74.2143
49 70 188.0523
49 71 93.8804
49 72 196.5755
49 73 59.4658
49 74 123.6805
49 75 74.9579
49 76 22.4164
49 77 82.2373
49 78 87.0171
49 79 280.7144
49 80 35.9918
49 81 241.6059
49 82 222.4792
49 83 207.1396
49 84 240.4052
49 85 188.3427
49 86 220.1429
49 87 281.1595
49 88 52.7988
49 89 23.6978
49 90 62.6935
49 91 72.8768
49 92 141.129
49 93 51.3666
49 94 29.8767
49 95 185.3644
49 96 146.5696
49 97 51.0143
49 98 244.2374
49 99 175.29
50 51 20.9125
50 52 83.7927
50 53 235.7089
50 54 19.6555
50 55 253.6883
50 56 165.9303
50 57 34.5843
50 58 199.2017
50 59 257.083
50 60 83.7181
50 61 123.1399
50 62 32.4506
50 63 80.2518
50 64 107.1963
50 65 272.3066
50 66 127.243
50 67 31.1477
50 68 194.8054
50 69 256.7071
50 70 15.5536
50 71 151.858
50 72 169.5757
50 73 9.1752
50 74 59.2435
50 75 248.6592
50 76 14.0304
50 77 213.6369
50 78 67.3448
50 79 228.7439
50 80 194.7256
50 81 215.8485
50 82 152.7343
50 83 83.2058
50 84 52.3009
50 85 171.0278
50 86 223.3717
50 87 154.286
50 88 84.2466
50 89 279.5056
50 90 88.9818
50 91 111.6324
50 92 222.6
50 93 3.6723
50 94 122.2707
50 95 233.6839
50 96 213.4371
50 97 8.1392
50 98 105.5175
50 99 174.9392
51 52 48.7781
51 53 45.7063
51 54 261.772
51 55 232.1804
51 56 288.5411
51 57 102.654
51 58 50.7032
51 59 204.9712
51 60 292.0829
51 61 122.1307
51 62 86.2348
51 63 91.4149
51 64 5.4764
51 65 190.6189
51 66 206.6376
51 67 137.1663
51 68 8.3506
51 69 150.0452
51 70 80.4506
51 71 215.9862
51 72 58.297
51 73 159.5307
51 74 287.1491
51 75 80.8841
51 76 32.1087
51 77 149.0401
51 78 140.5708
51 79 162.9753
51 80 221.222
51 81 248.5394
51 82 187.6413
51 83 246.4866
51 84 224.6652
51 85 251.279
51 86 294.9981
51 87 165.3843
51 88 149.299
51 89 187.182
51 90 292.0997
51 91 22.3953
51 92 99.0731
51 93 87.6064
51 94 202.365
51 95 253.097
51 96 141.3313
51 97 146.8828
51 98 259.482
51 99 59.9552
52 53 190.1139
52 54 19.3363
52 55 149.0289
52 56 85.5437
52 57 112.0312
52 58 148.8548
52 59 179.5859
52 60 274.9657
52 61 173.7224
52 62 87.41
52 63 36.5331
52 64 43.575
52 65 192.5912
52 66 136.0154
52 67 245.5562
52 68 16.0162
52 69 105.2514
52 70 172.2655
52 71 145.7675
52 72 137.8149
52 73 81.1589
52 74 238.4847
52 75 6.595
52 76 235.4911
52 77 46.1387
52 78 14.9037
52 79 282.2304
52 80 140.1674
52 81 219.7514
52 82 150.5688
52 83 179.0041
52 84 117.5402
52 85 68.6854
52 86 131.0893
52 87 224.9616
52 88 40.0658
52 89 134.6697
52 90 71.9985
52 91 152.9015
52 92 294.6818
52 93 52.5082
52 94 5.9366
52 95 45.433
52 96 289.5141
52 97 164.5908
52 98 50.2034
52 99 82.7351
53 54 151.9321
53 55 215.0993
53 56 114.5108
53 57 83.8717
53 58 179.7219
53 59 240.5116
53 60 266.946
53 61 211.6295
53 62 2.0183
53 63 197.3028
53 64 4.9288
53 65 238.412
53 66 260.5132
53 67 281.6684
53 68 105.0136
53 69 218.2519
53 70 258.7249
53 71 207.635
53 72 146.8745
53 73 52.9693
53 74 214.8133
53 75 201.1389
53 76 205.2359
53 77 129.7263
53 78 165.1352
53 79 132.6978
53 80 212.8136
53 81 212.1205
53 82 266.3832
53 83 11.9278
53 84 296.7013
53 85 107.5124
53 86 287.6613
53 87 44.9792
53 88 247.3062
53 89 127.4631
53 90 110.77
53 91 49.9297
53 92 206.8443
53 93 104.5347
53 94 63.8132
53 95 11.2166
53 96 31.2577
53 97 17.6421
53 98 271.5023
53 99 296.9636
54 55 24.4293
54 56 103.4704
54 57 33.3668
54 58 203.3086
54 59 4.126
54 60 140.5554
54 61 140.349
54 62 125.0361
54 63 218.33
54 64 223.0509
54 65 68.37
54 66 37.1997
54 67 86.5901
54 68 246.6049
54 69 269.7695
54 70 297.086
54 71 91.5177
54 72 215.7373
54 73 142.7182
54 74 60.1386
54 75 249.9959
54 76 4.1436
54 77 117.9391
54 78 24.6574
54 79 207.4786
54 80 46.6867
54 81 128.9614
54 82 272.2332
54 83 22.6941
54 84 65.7199
54 85 93.6308
54 86 99.5408
54 87 159.1356
54 88 272.5803
54 89 216.9221
54 90 17.9584
54 91 147.1589
54 92 103.0855
54 93 118.2048
54 94 62.0601
54 95 299.265
54 96 281.9207
54 97 32.6817
54 98 125.5685
54 99 239.7029
55 56 37.5569
55 57 81.3995
55 58 56.0162
55 59 45.8422
55 60 87.3376
55 61 249.0805
55 62 126.6638
55 63 138.3982
55 64 53.9339
55 65 135.4975
55 66 230.9676
55 67 147.9611
55 68 146.8346
55 69 260.6155
55 70 285.212
55 71 252.8785
55 72 286.2361
55 73 5.8521
55 74 88.1422
55 75 24.8864
55 76 130.4905
55 77 18.2781
55 78 161.202
55 79 161.1243
55 80 260.1717
55 81 222.2053
55 82 278.8592
55 83 21.658
55 84 120.4152
55 85 282.0877
55 86 129.7024
55 87 147.6182
55 88 208.0247
55 89 156.9275
55 90 162.524
55 91 73.5002
55 92 208.718
55 93 74.9013
55 94 40.8211
55 95 198.9538
55 96 168.3258
55 97 270.0932
55 98 162.1389
55 99 129.0196
56 57 57.0063
56 58 52.8061
56 59 127.506
56 60 71.3707
56 61 90.9533
56 62 225.8328
56 63 243.3535
56 64 266.5669
56 65 253.375
56 66 65.6254
56 67 82.6269
56 68 142.6992
56 69 91.0864
56 70 54.9636
56 71 186.5593
56 72 223.2742
56 73 50.7879
56 74 116.0987
56 75 49.4445
56 76 196.8754
56 77 299.9958
56 78 186.876
56 79 27.4917
56 80 283.4085
56 81 29.8137
56 82 216.7023
56 83 297.3528
56 84 122.4388
56 85 13.4967
56 86 53.7764
56 87 106.0152
56 88 236.1763
56 89 135.3564
56 90 60.1838
56 91 163.3428
56 92 124.9101
56 93 206.1315
56 94 170.976
56 95 215.5719
56 96 219.2529
56 97 181.3944
56 98 278.0739
56 99 232.1259
57 58 188.2573
57 59 142.2159
57 60 261.317
57 61 283.0645
57 62 28.0196
57 63 242.7618
57 64 277.5374
57 65 170.3536
57 66 150.5409
57 67 131.1818
57 68 102.142
57 69 159.4884
57 70 91.8529
57 71 76.8248
57 72 95.1723
57 73 33.6402
57 74 221.4863
57 75 45.8356
57 76 134.8983
57 77 189.8648
57 78 159.2314
57 79 257.8055
57 80 77.6083
57 81 251.4745
57 82 96.2781
57 83 250.0959
57 84 221.6066
57 85 178.2704
57 86 27.1445
57 87 274.9267
57 88 277.4312
57 89 56.4837
57 90 21.5092
57 91 74.924
57 92 102.2906
57 93 22.8177
57 94 191.1503
57 95 77.4697
57 96 126.4471
57 97 292.0239
57 98 112.8282
57 99 66.9351
58 59 62.0315
58 60 84.8986
58 61 86.0437
58 62 152.1949
58 63 25.9078
58 64 289.2218
58 65 174.4304
58 66 92.0012
58 67 207.9536
58 68 144.1502
58 69 183.66
58 70 92.8722
58 71 191.6706
58 72 248.74
58 73 295.3782
58 74 286.4289
58 75 83.8951
58 76 266.6643
58 77 129.8374
58 78 52.2332
58 79 39.938
58 80 227.8395
58 81 273.9426
58 82 56.0024
58 83 187.8493
58 84 77.6662
58 85 69.3536
58 86 38.4864
58 87 110.4387
58 88 174.9264
58 89 278.5205
58 90 22.4506
58 91 246.4216
58 92 14.9775
58 93 47.0579
58 94 279.3577
58 95 279.838
58 96 127.5245
58 97 259.3791
58 98 33.1386
58 99 251.3629
59 60 8.6288
59 61 270.6207
59 62 287.6997
59 63 199.454
59 64 247.3362
59 65 280.2852
59 66 209.1362
59 67 132.8093
59 68 93.6174
59 69 261.9091
59 70 76.489
59 71 224.6673
59 72 208.6739
59 73 32.893
59 74 296.507
59 75 80.5522
59 76 255.3416
59 77 276.8582
59 78 233.0479
59 79 143.9943
59 80 58.1544
59 81 133.6825
59 82 24.4541
59 83 175.2849
59 84 134.0715
59 85 65.713
59 86 203.4736
59 87 265.2586
59 88 207.4402
59 89 107.4225
59 90 81.711
59 91 290.7465
59 92 106.9642
59 93 91.7013
59 94 209.5527
59 95 67.3762
59 96 176.8404
59 97 258.6385
59 98 77.5182
59 99 258.8866
60 61 94.2553
60 62 260.122
60 63 227.0334
60 64 46.2693
60 65 85.1285
60 66 170.0376
60 67 27.7775
60 68 177.1006
60 69 5.826
60 70 41.1982
60 71 240.5184
60 72 15.6956
60 73 142.2519
60 74 195.346
60 75 285.0028
60 76 136.4391
60 77 211.9244
60 78 100.0184
60 79 127.5946
60 80 119.2229
60 81 203.5147
60 82 186.0377
60 83 25.001
60 84 11.133
60 85 52.2594
60 86 219.0941
60 87 102.3521
60 88 174.6122
60 89 219.7554
60 90 10.9805
60 91 140.7298
60 92 106.6647
60 93 45.5558
60 94 81.1492
60 95 207.6155
60 96 249.3835
60 97 245.8521
60 98 246.596
60 99 43.7833
61 62 172.0698
61 63 204.4566
61 64 282.7882
61 65 285.6333
61 66 242.8919
61 67 245.3153
61 68 111.9429
61 69 174.8298
61 70 234.1345
61 71 39.0707
61 72 24.5028
61 73 199.4509
61 74 191.8293
61 75 269.7985
61 76 45.6227
61 77 147.3818
61 78 88.6666
61 79 107.6529
61 80 266.8833
61 81 190.4596
61 82 103.8034
61 83 222.8514
61 84 181.7029
61 85 24.8159
61 86 260.2777
61 87 62.0093
61 88 231.9132
61 89 222.6885
61 90 88.101
61 91 247.4156
61 92 9.9193
61 93 67.9118
61 94 200.6529
61 95 216.7434
61 96 237.0082
61 97 95.5828
61 98 113.2563
61 99 17.8642
62 63 30.199
62 64 27.0936
62 65 145.521
62 66 172.3189
62 67 63.7145
62 68 160.935
62 69 27.2272
62 70 88.0389
62 71 151.2923
62 72 189.663
62 73 225.49
62 74 164.1475
62 75 107.3377
62 76 81.79
62 77 22.1656
62 78 74.9067
62 79 85.9609
62 80 200.1906
62 81 88.1549
62 82 154.5247
62 83 7.3979
62 84 181.1773
62 85 270.5737
62 86 61.7647
62 87 266.3113
62 88 238.6456
62 89 1.4988
62 90 278.9202
62 91 173.9038
62 92 259.0238
62 93 7.9714
62 94 174.9734
62 95 261.4444
62 96 121.9218
62 97 127.0683
62 98 242.6641
62 99 52.3883
63 64 180.0519
63 65 259.3108
63 66 260.4609
63 67 44.0149
63 68 132.3987
63 69 35.9749
63 70 203.2379
63 71 247.5168
63 72 108.8408
63 73 284.1574
63 74 151.4313
63 75 51.9029
63 76 17.3495
63 77 257.09
63 78 2.2862
63 79 167.9793
63 80 20.4665
63 81 90.8533
63 82 160.0789
63 83 276.7473
63 84 260.2459
63 85 223.5952
63 86 196.0807
63 87 269.0382
63 88 93.8189
63 89 99.4624
63 90 170.1219
63 91 75.4265
63 92 174.7046
63 93 127.1347
63 94 6.6506
63 95 211.8372
63 96 70.3646
63 97 132.5756
63 98 243.347
63 99 164.1742
64 65 52.9864
64 66 109.289
64 67 166.5569
64 68 280.5931
64 69 252.7833
64 70 20.0705
64 71 197.8198
64 72 34.4276
64 73 260.7216
64 74 177.7003
64 75 280.2339
64 76 258.149
64 77 170.4374
64 78 154.1352
64 79 86.4523
64 80 291.5581
64 81 81.7239
64 82 174.1149
64 83 55.1656
64 84 231.1644
64 85 252.0981
64 86 207.6618
64 87 241.6544
64 88 284.0949
64 89 205.6815
64 90 163.981
64 91 262.6215
64 92 219.4261
64 93 257.6512
64 94 185.868
64 95 166.8586
64 96 39.722
64 97 253.6265
64 98 86.6802
64 99 260.2279
65 66 3.5792
65 67 158.9191
65 68 56.9715
65 69 35.0212
65 70 107.23
65 71 133.6784
65 72 251.2713
65 73 87.6931
65 74 161.3055
65 75 180.4045
65 76 196.3421
65 77 119.1463
65 78 282.355
65 79 149.4036
65 80 141.8119
65 81 156.3584
65 82 276.9547
65 83 185.5056
65 84 32.7236
65 85 266.7337
65 86 298.7762
65 87 290.672
65 88 50.9826
65 89 92.3651
65 90 249.5538
65 91 217.8834
65 92 288.727
65 93 184.1241
65 94 296.5405
65 95 187.2575
65 96 44.3672
65 97 186.2595
65 98 237.1123
65 99 54.4312
66 67 146.5702
66 68 287.3735
66 69 106.3662
66 70 107.6129
66 71 181.9286
66 72 7.6049
66 73 77.1622
66 74 148.907
66 75 225.6495
66 76 270.3095
66 77 293.0933
66 78 136.759
66 79 239.8949
66 80 277.2308
66 81 123.3156
66 82 204.0766
66 83 214.2813
66 84 5.2324
66 85 72.7839
66 86 206.8368
66 87 274.9598
66 88 217.4864
66 89 130.2177
66 90 191.6928
66 91 97.6919
66 92 249.5534
66 93 134.8689
66 94 162.5579
66 95 94.5282
66 96 297.1452
66 97 54.0691
66 98 127.4946
66 99 133.5878
67 68 237.7618
67 69 288.205
67 70 28.233
67 71 88.8705
67 72 30.2681
67 73 241.1815
67 74 195.2259
67 75 180.7094
67 76 49.9608
67 77 22.498
67 78 25.7725
67 79 36.4292
67 80 285.7808
67 81 219.2259
67 82 234.1041
67 83 209.2786
67 84 121.8749
67 85 119.0558
67 86 296.3194
67 87 94.3595
67 88 72.6048
67 89 175.8133
67 90 33.8403
67 91 87.2946
67 92 23.8772
67 93 224.7058
67 94 241.9907
67 95 239.13
67 96 262.4064
67 97 267.1863
67 98 54.0975
67 99 44.2432
68 69 246.5005
68 70 52.8839
68 71 5.327
68 72 114.7758
68 73 251.8606
68 74 177.1528
68 75 284.8633
68 76 123.314
68 77 34.389
68 78 141.4285
68 79 142.1519
68 80 233.7205
68 81 107.5615
68 82 21.9047
68 83 20.5262
68 84 174.8688
68 85 12.5817
68 86 34.819
68 87 265.7624
68 88 288.7943
68 89 151.2701
68 90 191.2872
68 91 284.1809
68 92 221.3168
68 93 183.6043
68 94 33.3871
68 95 267.7858
68 96 60.0814
68 97 265.3011
68 98 288.8675
68 99 62.3769
69 70 70.9706
69 71 61.3595
69 72 55.1161
69 73 253.0317
69 74 38.7797
69 75 292.2726
69 76 229.0236
69 77 217.7546
69 78 256.3142
69 79 273.0632
69 80 231.8718
69 81 6.9681
69 82 48.9464
69 83 174.3649
69 84 105.2509
69 85 278.4341
69 86 199.3497
69 87 248.4174
69 88 83.6677
69 89 217.7664
69 90 153.6117
69 91 93.2059
69 92 266.9539
69 93 298.8089
69 94 42.8513
69 95 106.6125
69 96 137.624
69 97 104.5181
69 98 132.8219
69 99 261.9096
70 71 241.0265
70 72 201.8613
70 73 4.1841
70 74 278.3971
70 75 230.7777
70 76 176.7173
70 77 267.0402
70 78 218.0767
70 79 14.3133
70 80 8.2524
70 81 214.0811
70 82 142.8369
70 83 197.259
70 84 221.0756
70 85 75.8571
70 86 66.0707
70 87 96.6581
70 88 264.1329
70 89 222.2469
70 90 172.0739
70 91 49.2661
70 92 229.3477
70 93 238.1037
70 94 222.1591
70 95 152.0661
70 96 114.4752
70 97 9.1334
70 98 273.4254
70 99 288.0868
71 72 224.8046
71 73 18.9961
71 74 159.2751
71 75 137.8819
71 76 190.085
71 77 166.8001
71 78 172.18
71 79 297.7433
71 80 186.3545
71 81 120.4964
71 82 19.3363
71 83 111.2634
71 84 7.2968
71 85 221.5209
71 86 114.5365
71 87 218.2931
71 88 149.2552
71 89 289.1747
71 90 189.2368
71 91 132.0059
71 92 89.3623
71 93 154.5961
71 94 266.4885
71 95 198.4705
71 96 194.1902
71 97 249.5891
71 98 265.2625
71 99 150.4301
72 73 17.3887
72 74 167.3356
72 75 277.21
72 76 197.3603
72 77 31.1752
72 78 154.3453
72 79 196.0436
72 80 197.4093
72 81 44.1733
72 82 264.952
72 83 208.0485
72 84 218.652
72 85 61.5584
72 86 71.2765
72 87 282.2895
72 88 163.9472
72 89 160.6659
72 90 108.8539
72 91 178.8888
72 92 8.8825
72 93 173.7088
72 94 68.5267
72 95 277.6762
72 96 298.9447
72 97 42.1118
72 98 97.2859
72 99 28.9245
73 74 119.4523
73 75 279.1429
73 76 237.144
73 77 296.8201
73 78 134.9749
73 79 184.4368
73 80 174.7829
73 81 257.2952
73 82 8.7645
73 83 290.6369
73 84 210.6341
73 85 194.8915
73 86 91.1722
73 87 192.3755
73 88 199.2328
73 89 42.7617
73 90 186.4045
73 91 52.5994
73 92 135.9994
73 93 238.6722
73 94 232.7298
73 95 257.9349
73 96 269.4585
73 97 141.3992
73 98 298.1248
73 99 274.7558
74 75 197.6253
74 76 26.8505
74 77 231.7437
74 78 135.7547
74 79 245.6213
74 80 258.9506
74 81 232.2672
74 82 207.1047
74 83 25.8919
74 84 66.409
74 85 199.4013
74 86 6.2678
74 87 287.155
74 88 165.1198
74 89 42.4394
74 90 200.673
74 91 218.7663
74 92 230.0879
74 93 5.1207
74 94 22.8578
74 95 46.9903
74 96 6.2033
74 97 135.8637
74 98 267.5377
74 99 186.7786
75 76 44.4133
75 77 276.5684
75 78 30.3426
75 79 31.434
75 80 165.7618
75 81 297.7679
75 82 157.3511
75 83 136.6953
75 84 257.2698
75 85 131.8695
75 86 118.903
75 87 129.432
75 88 254.7469
75 89 269.8899
75 90 205.3448
75 91 147.4469
75 92 177.4083
75 93 281.4736
75 94 246.1541
75 95 203.5493
75 96 6.83
75 97 150.3374
75 98 255.4655
75 99 44.0612
76 77 280.9815
76 78 262.9795
76 79 113.2293
76 80 144.9035
76 81 168.0538
76 82 76.6262
76 83 75.0656
76 84 238.4572
76 85 155.4847
76 86 244.2906
76 87 205.3195
76 88 143.879
76 89 52.2489
76 90 237.3422
76 91 153.5234
76 92 164.0473
76 93 115.6489
76 94 190.5875
76 95 251.1733
76 96 89.7802
76 97 72.1065
76 98 27.7303
76 99 103.5687
77 78 128.1746
77 79 289.4038
77 80 6.3683
77 81 280.254
77 82 55.4866
77 83 207.0797
77 84 133.3493
77 85 133.0741
77 86 81.233
77 87 139.6981
77 88 142.1919
77 89 107.6328
77 90 87.512
77 91 57.1602
77 92 80.1288
77 93 285.2941
77 94 4.1484
77 95 139.8797
77 96 66.3489
77 97 92.6704
77 98 88.2407
77 99 159.7872
78 79 58.8324
78 80 158.7426
78 81 1.638
78 82 252.5138
78 83 57.3893
78 84 247.5639
78 85 274.2357
78 86 28.4164
78 87 177.6179
78 88 115.2509
78 89 193.8455
78 90 202.2005
78 91 237.4177
78 92 286.7062
78 93 96.4106
78 94 159.4702
78 95 286.9668
78 96 88.6149
78 97 209.6886
78 98 165.0735
78 99 144.9666
79 80 40.9861
79 81 179.2311
79 82 285.4081
79 83 64.6107
79 84 102.6345
79 85 180.3041
79 86 25.2356
79 87 48.9643
79 88 135.679
79 89 153.814
79 90 72.3884
79 91 261.2967
79 92 68.844
79 93 78.1574
79 94 134.5883
79 95 207.088
79 96 156.8847
79 97 176.8659
79 98 187.0352
79 99 37.7024
80 81 231.0894
80 82 289.8815
80 83 86.7628
80 84 251.3637
80 85 79.6683
80 86 53.5429
80 87 272.1925
80 88 69.7609
80 89 280.7205
80 90 285.6143
80 91 268.9687
80 92 101.988
80 93 33.3063
80 94 159.0491
80 95 61.7706
80 96 258.8637
80 97 266.7484
80 98 169.4899
80 99 125.0867
81 82 87.9786
81 83 177.5086
81 84 149.0482
81 85 247.8154
81 86 296.355
81 87 52.1098
81 88 222.8899
81 89 65.7463
81 90 15.0033
81 91 283.7892
81 92 282.5357
81 93 280.0256
81 94 297.2149
81 95 180.7514
81 96 235.5282
81 97 174.7509
81 98 41.7991
81 99 181.1513
82 83 177.0343
82 84 115.8478
82 85 64.2918
82 86 12.2749
82 87 249.6906
82 88 121.4619
82 89 229.1501
82 90 169.8948
82 91 121.0304
82 92 64.6698
82 93 246.6265
82 94 179.1825
82 95 153.2521
82 96 224.9105
82 97 145.388
82 98 148.1831
82 99 239.7486
83 84 297.4895
83 85 26.5502
83 86 258.0011
83 87 226.2511
83 88 74.7051
83 89 124.0664
83 90 223.8021
83 91 78.1777
83 92 46.0803
83 93 210.2932
83 94 2.365
83 95 77.5415
83 96 203.6131
83 97 151.4913
83 98 167.0305
83 99 54.1397
84 85 126.4046
84 86 145.4978
84 87 30.6577
84 88 53.9138
84 89 273.7287
84 90 262.8678
84 91 216.042
84 92 185.6647
84 93 193.5985
84 94 247.4439
84 95 162.8118
84 96 207.6686
84 97 271.0284
84 98 78.4992
84 99 119.9965
85 86 167.9683
85 87 237.8872
85 88 95.1186
85 89 173.903
85 90 10.9975
85 91 156.2118
85 92 141.8213
85 93 244.6793
85 94 83.7193
85 95 171.1917
85 96 1.5796
85 97 26.5618
85 98 89.1991
85 99 258.5945
86 87 225.5355
86 88 240.1912
86 89 186.2073
86 90 34.6596
86 91 95.411
86 92 189.589
86 93 165.7239
86 94 140.3873
86 95 165.6581
86 96 91.9178
86 97 71.0627
86 98 167.7989
86 99 149.9406
87 88 230.0149
87 89 155.9799
87 90 156.3263
87 91 7.4377
87 92 176.8514
87 93 158.304
87 94 72.1246
87 95 165.156
87 96 125.2788
87 97 107.0643
87 98 116.6201
87 99 84.7253
88 89 180.3154
88 90 147.9576
88 91 224.4961
88 92 19.277
88 93 257.5316
88 94 51.5063
88 95 205.8886
88 96 72.67
88 97 180.705
88 98 247.8442
88 99 292.4067
89 90 119.2362
89 91 112.9582
89 92 145.2422
89 93 284.6251
89 94 178.8915
89 95 30.4417
89 96 20.7955
89 97 78.8261
89 98 48.0991
89 99 36.8312
90 91 24.8862
90 92 250.2978
90 93 24.273
90 94 89.5458
90 95 212.3038
90 96 81.0523
90 97 79.7142
90 98 223.8223
90 99 292.3854
91 92 149.6846
91 93 260.2592
91 94 221.3921
91 95 118.4697
91 96 46.8105
91 97 124.9613
91 98 246.1263
91 99 289.148
92 93 295.7982
92 94 181.5476
92 95 160.1559
92 96 260.249
92 97 53.7128
92 98 51.2926
92 99 77.7456
93 94 19.8665
93 95 139.2245
93 96 234.9497
93 97 194.2719
93 98 190.9126
93 99 75.7852
94 95 16.6169
94 96 76.4369
94 97 31.8632
94 98 99.7459
94 99 238.5371
95 96 251.5561
95 97 121.9482
95 98 178.6333
95 99 13.5637
96 97 297.2603
96 98 243.7055
96 99 212.6862
97 98 237.4622
97 99 138.7609
98 99 193.4998