NAME: dataset_100_02
NODES: 100
TYPE: SYMMETRIC
NODE1 NODE2 TIME
0 1 64.6501
0 2 51.6951
0 3 140.5327
0 4 5.9869
0 5 60.9908
0 6 105.0524
0 7 229.7145
0 8 41.6304
0 9 53.6999
0 10 104.3668
0 11 250.2969
0 12 187.2522
0 13 225.7607
0 14 266.9229
0 15 174.5814
0 16 220.5333
0 17 295.3373
0 18 111.3455
0 19 3.8217
0 20 86.5897
0 21 242.8578
0 22 279.1616
0 23 105.1553
0 24 227.7965
0 25 32.3539
0 26 296.0382
0 27 4.7194
0 28 260.5931
0 29 128.3131
0 30 276.2214
0 31 221.4994
0 32 290.7683
0 33 274.6142
0 34 222.0557
0 35 16.7837
0 36 191.6786
0 37 279.3466
0 38 51.8076
0 39 12.6023
0 40 229.5485
0 41 15.0748
0 42 237.2313
0 43 255.079
0 44 88.1093
0 45 14.9686
0 46 274.0665
0 47 1.5642
0 48 163.9502
0 49 241.2321
0 50 267.2327
0 51 67.2665
0 52 232.8613
0 53 247.3334
0 54 65.0686
0 55 68.5144
0 56 91.247
0 57 77.1892
0 58 189.8708
0 59 118.2411
0 60 83.0383
0 61 273.0395
0 62 294.0726
0 63 286.9213
0 64 47.831
0 65 24.0358
0 66 144.9012
0 67 278.86
0 68 31.3848
0 69 92.5901
0 70 90.3836
0 71 271.3335
0 72 192.3419
0 73 17.2528
0 74 144.5611
0 75 57.0846
0 76 10.6834
0 77 256.4584
0 78 16.0111
0 79 127.1947
0 80 172.0779
0 81 103.8818
0 82 218.2119
0 83 180.2176
0 84 90.9314
0 85 42.7478
0 86 225.537
0 87 91.0323
0 88 183.0306
0 89 121.246
0 90 47.6656
0 91 96.9656
0 92 69.737
0 93 133.59
0 94 169.7839
0 95 135.5705
0 96 155.4106
0 97 116.3396
0 98 43.6937
0 99 8.2655
1 2 237.6382
1 3 292.6339
1 4 201.6112
1 5 115.1831
1 6 13.9218
1 7 224.6907
1 8 72.6886
1 9 42.1181
1 10 20.2139
1 11 114.9204
1 12 264.8638
1 13 216.569
1 14 144.924
1 15 271.2211
1 16 269.9661
1 17 158.0248
1 18 229.9836
1 19 204.9484
1 20 5.811
1 21 78.8429
1 22 285.9893
1 23 66.6662
1 24 129.9949
1 25 212.2169
1 26 141.4848
1 27 125.4481
1 28 216.082
1 29 47.4283
1 30 55.1254
1 31 153.1976
1 32 164.9941
1 33 18.14
1 34 211.2811
1 35 245.7784
1 36 143.588
1 37 71.9483
1 38 157.6627
1 39 4.8495
1 40 176.577
1 41 28.757
1 42 145.4633
1 43 132.3369
1 44 202.7709
1 45 15.8389
1 46 50.1095
1 47 80.5808
1 48 226.7162
1 49 45.0042
1 50 149.6182
1 51 114.2991
1 52 230.8404
1 53 243.077
1 54 40.786
1 55 148.0021
1 56 96.7473
1 57 240.2196
1 58 85.7123
1 59 127.2873
1 60 35.5095
1 61 16.5265
1 62 197.1616
1 63 58.9142
1 64 45.0853
1 65 155.6469
1 66 213.9016
1 67 46.3069
1 68 74.772
1 69 146.7407
1 70 94.0934
1 71 127.4522
1 72 284.8857
1 73 170.4421
1 74 155.1946
1 75 193.316
1 76 188.154
1 77 21.9469
1 78 120.8068
1 79 68.9575
1 80 192.7503
1 81 218.2682
1 82 52.9858
1 83 180.7962
1 84 195.9552
1 85 192.3892
1 86 50.6327
1 87 18.587
1 88 88.6681
1 89 202.315
1 90 66.1014
1 91 125.9002
1 92 17.3219
1 93 190.5702
1 94 55.3718
1 95 262.7673
1 96 291.1284
1 97 133.6459
1 98 209.4343
1 99 277.7076
2 3 114.236
2 4 235.9049
2 5 132.246
2 6 114.3634
2 7 278.7311
2 8 33.3506
2 9 74.2755
2 10 158.2786
2 11 54.5633
2 12 248.9854
2 13 4.5692
2 14 204.4178
2 15 60.393
2 16 78.6916
2 17 296.3259
2 18 289.157
2 19 105.7072
2 20 110.5427
2 21 147.2349
2 22 96.6947
2 23 270.2599
2 24 250.7686
2 25 47.7252
2 26 46.0125
2 27 120.266
2 28 8.7825
2 29 121.8168
2 30 284.8703
2 31 277.3255
2 32 279.8832
2 33 224.8014
2 34 147.0651
2 35 73.9069
2 36 249.2824
2 37 171.1341
2 38 22.0935
2 39 146.0809
2 40 235.4325
2 41 125.7513
2 42 162.7608
2 43 80.9835
2 44 18.6545
2 45 20.5177
2 46 91.5591
2 47 113.8586
2 48 136.5012
2 49 53.6062
2 50 235.3338
2 51 229.1377
2 52 124.5302
2 53 107.5885
2 54 24.5805
2 55 144.6927
2 56 98.8465
2 57 28.1421
2 58 134.2451
2 59 163.8226
2 60 119.5754
2 61 185.3428
2 62 215.1484
2 63 44.046
2 64 162.3828
2 65 151.8899
2 66 207.1717
2 67 197.5481
2 68 258.5332
2 69 244.7951
2 70 107.5085
2 71 125.2505
2 72 39.142
2 73 134.6993
2 74 81.9032
2 75 118.1406
2 76 54.5849
2 77 47.1447
2 78 227.5397
2 79 87.7534
2 80 98.0772
2 81 98.9838
2 82 10.9847
2 83 206.8973
2 84 160.6917
2 85 53.087
2 86 99.5281
2 87 133.0938
2 88 1.7313
2 89 286.4017
2 90 249.4174
2 91 196.6028
2 92 88.9835
2 93 141.9345
2 94 69.271
2 95 67.1666
2 96 232.6531
2 97 6.4827
2 98 229.1826
2 99 165.2358
3 4 60.6606
3 5 74.3512
3 6 145.6749
3 7 198.8364
3 8 269.0442
3 9 147.8383
3 10 7.674
3 11 110.8193
3 12 23.0221
3 13 232.599
3 14 283.7738
3 15 213.0698
3 16 216.0838
3 17 137.7308
3 18 271.1992
3 19 116.6831
3 20 231.1906
3 21 44.6734
3 22 133.7716
3 23 27.1707
3 24 207.9706
3 25 16.723
3 26 5.7382
3 27 184.0975
3 28 41.4806
3 29 14.4768
3 30 148.1152
3 31 248.3629
3 32 40.4736
3 33 169.6001
3 34 209.8938
3 35 163.0185
3 36 193.5568
3 37 28.0783
3 38 281.1714
3 39 273.4245
3 40 183.3981
3 41 55.6759
3 42 245.2641
3 43 53.03
3 44 123.5802
3 45 229.5994
3 46 283.7535
3 47 176.914
3 48 221.0587
3 49 218.2234
3 50 232.411
3 51 121.2757
3 52 65.7139
3 53 235.6515
3 54 213.7426
3 55 174.7635
3 56 58.0889
3 57 263.4706
3 58 125.8389
3 59 155.9509
3 60 63.4484
3 61 172.6407
3 62 284.3047
3 63 293.8294
3 64 239.4184
3 65 283.4368
3 66 279.8055
3 67 106.8495
3 68 151.6512
3 69 229.9041
3 70 203.3568
3 71 8.8731
3 72 64.8237
3 73 88.5454
3 74 219.9695
3 75 188.4313
3 76 28.1105
3 77 191.6811
3 78 71.7466
3 79 246.488
3 80 173.8344
3 81 94.5441
3 82 113.5691
3 83 208.9943
3 84 245.4928
3 85 247.3144
3 86 100.589
3 87 8.2468
3 88 261.6601
3 89 246.077
3 90 283.5418
3 91 9.091
3 92 136.9739
3 93 214.2286
3 94 168.4102
3 95 244.1005
3 96 204.2543
3 97 199.9114
3 98 101.7854
3 99 124.4188
4 5 171.2384
4 6 267.4536
4 7 146.9487
4 8 219.0319
4 9 205.882
4 10 24.0371
4 11 158.2513
4 12 16.5507
4 13 219.237
4 14 74.0581
4 15 164.072
4 16 169.2728
4 17 74.1502
4 18 167.0516
4 19 211.1352
4 20 106.3278
4 21 34.432
4 22 188.5793
4 23 154.4688
4 24 110.8359
4 25 47.8639
4 26 239.5127
4 27 173.754
4 28 80.2487
4 29 17.1857
4 30 61.2969
4 31 122.6924
4 32 54.4922
4 33 174.2093
4 34 285.9942
4 35 271.4337
4 36 99.089
4 37 213.3889
4 38 294.8119
4 39 117.7574
4 40 101.5653
4 41 173.1641
4 42 159.4929
4 43 60.9856
4 44 6.8233
4 45 232.0381
4 46 289.9279
4 47 3.7627
4 48 30.7154
4 49 41.5115
4 50 250.8507
4 51 222.3477
4 52 262.5219
4 53 74.3505
4 54 105.6434
4 55 189.929
4 56 158.1227
4 57 67.6806
4 58 86.5078
4 59 173.1214
4 60 236.0739
4 61 44.4417
4 62 220.9706
4 63 253.6158
4 64 160.839
4 65 142.8875
4 66 253.3373
4 67 217.7011
4 68 100.9684
4 69 19.739
4 70 247.3891
4 71 137.2912
4 72 100.5327
4 73 104.1008
4 74 287.0626
4 75 132.7129
4 76 29.9868
4 77 13.2575
4 78 159.7373
4 79 207.412
4 80 260.2767
4 81 79.6794
4 82 65.2097
4 83 281.7725
4 84 175.3685
4 85 299.0059
4 86 19.7137
4 87 54.3913
4 88 78.7855
4 89 132.5606
4 90 188.7877
4 91 203.0321
4 92 146.9791
4 93 189.1503
4 94 169.7514
4 95 79.615
4 96 262.8794
4 97 265.3919
4 98 292.1163
4 99 175.24
5 6 279.5616
5 7 175.4378
5 8 249.459
5 9 42.2363
5 10 130.3665
5 11 289.8994
5 12 31.1235
5 13 146.1425
5 14 153.5363
5 15 245.3785
5 16 269.0153
5 17 211.223
5 18 295.0535
5 19 55.9843
5 20 63.081
5 21 159.8112
5 22 157.3946
5 23 41.6984
5 24 52.937
5 25 280.5119
5 26 11.4838
5 27 63.1515
5 28 154.7415
5 29 82.2378
5 30 23.0594
5 31 93.3755
5 32 59.6316
5 33 216.0464
5 34 4.8676
5 35 202.0913
5 36 167.7422
5 37 219.8582
5 38 41.5802
5 39 33.8344
5 40 109.1431
5 41 86.2699
5 42 52.4219
5 43 170.0571
5 44 7.9598
5 45 135.2645
5 46 53.1674
5 47 187.8878
5 48 171.1053
5 49 74.9887
5 50 113.2413
5 51 252.733
5 52 102.9792
5 53 207.3924
5 54 183.929
5 55 217.8322
5 56 134.9619
5 57 170.5201
5 58 282.3354
5 59 218.2791
5 60 190.994
5 61 182.9452
5 62 109.102
5 63 151.4974
5 64 73.01
5 65 98.0352
5 66 38.5502
5 67 295.3125
5 68 104.3841
5 69 81.968
5 70 104.4421
5 71 162.3818
5 72 208.0889
5 73 237.5759
5 74 147.2254
5 75 116.133
5 76 114.9841
5 77 127.4825
5 78 63.3485
5 79 288.441
5 80 23.9864
5 81 90.1386
5 82 175.9468
5 83 121.3583
5 84 186.1708
5 85 245.9843
5 86 271.4426
5 87 169.0313
5 88 288.26
5 89 224.3608
5 90 26.2133
5 91 274.3637
5 92 104.8278
5 93 63.3731
5 94 94.9187
5 95 210.5057
5 96 190.555
5 97 135.1717
5 98 133.4697
5 99 177.2798
6 7 145.5561
6 8 194.3021
6 9 283.7477
6 10 297.3799
6 11 66.1573
6 12 298.7127
6 13 76.4281
6 14 72.8772
6 15 228.8344
6 16 52.3119
6 17 259.8986
6 18 45.5663
6 19 44.6265
6 20 68.7041
6 21 32.4838
6 22 152.694
6 23 107.238
6 24 131.9403
6 25 66.2049
6 26 22.4919
6 27 165.9117
6 28 251.4797
6 29 47.027
6 30 233.4877
6 31 88.4022
6 32 74.8621
6 33 20.229
6 34 78.5932
6 35 278.9097
6 36 121.0792
6 37 23.6273
6 38 47.4612
6 39 253.9366
6 40 258.2484
6 41 250.0351
6 42 294.6058
6 43 190.5649
6 44 274.5969
6 45 196.5153
6 46 158.6419
6 47 57.5091
6 48 239.9937
6 49 295.1245
6 50 165.4922
6 51 162.236
6 52 286.7361
6 53 196.8449
6 54 209.8776
6 55 130.9236
6 56 62.7144
6 57 44.0407
6 58 27.1432
6 59 103.5285
6 60 43.6448
6 61 237.0448
6 62 77.6445
6 63 298.9298
6 64 96.8117
6 65 196.0547
6 66 134.3673
6 67 63.2528
6 68 89.9887
6 69 286.9185
6 70 219.4466
6 71 104.0833
6 72 285.684
6 73 79.116
6 74 260.8811
6 75 172.7181
6 76 256.7323
6 77 217.7603
6 78 5.9471
6 79 182.8716
6 80 263.9879
6 81 92.1205
6 82 189.3077
6 83 81.913
6 84 287.1687
6 85 114.2213
6 86 273.5805
6 87 33.6574
6 88 59.6469
6 89 100.6673
6 90 201.6535
6 91 109.7456
6 92 112.0275
6 93 130.9204
6 94 24.0776
6 95 234.6746
6 96 223.7264
6 97 105.7855
6 98 41.1373
6 99 120.6433
7 8 44.8299
7 9 193.7609
7 10 82.6225
7 11 269.1033
7 12 259.4221
7 13 70.1268
7 14 20.3529
7 15 123.2857
7 16 103.1966
7 17 145.398
7 18 179.144
7 19 282.4697
7 20 49.0486
7 21 226.785
7 22 1.0482
7 23 277.1441
7 24 41.0248
7 25 64.2291
7 26 94.3399
7 27 204.0242
7 28 20.1349
7 29 44.5357
7 30 78.6023
7 31 49.3316
7 32 248.7071
7 33 229.3292
7 34 44.3391
7 35 186.2603
7 36 56.6973
7 37 81.0157
7 38 192.3409
7 39 167.6641
7 40 159.7531
7 41 221.6669
7 42 256.2991
7 43 78.0173
7 44 37.1454
7 45 234.0821
7 46 63.3018
7 47 260.3497
7 48 26.6496
7 49 7.9991
7 50 220.0218
7 51 51.8267
7 52 181.9347
7 53 55.3118
7 54 255.1977
7 55 260.2934
7 56 217.9677
7 57 210.273
7 58 297.796
7 59 14.1259
7 60 177.9826
7 61 287.8599
7 62 213.9582
7 63 105.4714
7 64 197.8678
7 65 206.5489
7 66 170.7602
7 67 169.4072
7 68 23.5269
7 69 128.2377
7 70 225.0366
7 71 224.2673
7 72 254.4455
7 73 6.2555
7 74 299.1089
7 75 295.5664
7 76 31.358
7 77 235.8672
7 78 208.8788
7 79 212.8316
7 80 9.1576
7 81 22.1603
7 82 172.9619
7 83 195.4048
7 84 237.3306
7 85 213.3673
7 86 134.9203
7 87 16.5187
7 88 273.6089
7 89 8.4817
7 90 131.9396
7 91 258.5253
7 92 242.1059
7 93 103.9135
7 94 276.3671
7 95 277.8667
7 96 209.851
7 97 65.9517
7 98 111.9529
7 99 129.4038
8 9 142.6851
8 10 242.9748
8 11 62.8823
8 12 116.7259
8 13 98.5383
8 14 72.5506
8 15 139.7102
8 16 44.9981
8 17 103.8187
8 18 208.2168
8 19 241.8854
8 20 79.2464
8 21 61.6288
8 22 155.016
8 23 236.4282
8 24 165.9521
8 25 221.5571
8 26 120.4437
8 27 275.205
8 28 97.0741
8 29 45.9422
8 30 26.5379
8 31 158.7629
8 32 132.3272
8 33 283.6726
8 34 178.4191
8 35 124.8071
8 36 286.6638
8 37 288.8719
8 38 95.6826
8 39 87.6418
8 40 145.8785
8 41 211.3111
8 42 105.7108
8 43 54.868
8 44 178.194
8 45 238.6144
8 46 253.8397
8 47 165.0487
8 48 270.4796
8 49 12.1622
8 50 245.7762
8 51 262.2866
8 52 158.0694
8 53 254.7366
8 54 122.2773
8 55 133.4492
8 56 101.3812
8 57 236.0152
8 58 239.0789
8 59 46.1534
8 60 74.6484
8 61 65.1721
8 62 26.6264
8 63 295.8609
8 64 240.5964
8 65 196.3212
8 66 76.9888
8 67 90.5452
8 68 95.4402
8 69 148.7059
8 70 179.3752
8 71 52.2556
8 72 101.9927
8 73 230.5918
8 74 78.7969
8 75 75.3137
8 76 181.4768
8 77 207.0755
8 78 145.0518
8 79 294.6203
8 80 210.2641
8 81 129.5572
8 82 141.1721
8 83 12.1078
8 84 212.402
8 85 144.0429
8 86 92.341
8 87 257.0631
8 88 211.0008
8 89 118.3601
8 90 127.26
8 91 250.564
8 92 106.8029
8 93 298.8902
8 94 168.5269
8 95 137.8824
8 96 4.3102
8 97 195.8159
8 98 211.5325
8 99 31.1117
9 10 193.0499
9 11 134.2492
9 12 101.1136
9 13 164.2931
9 14 260.7628
9 15 55.2683
9 16 16.7777
9 17 156.9017
9 18 63.1891
9 19 111.1359
9 20 127.1375
9 21 7.1753
9 22 73.1744
9 23 89.9765
9 24 147.448
9 25 42.7197
9 26 264.8045
9 27 177.3182
9 28 220.4388
9 29 129.4325
9 30 22.8043
9 31 298.3946
9 32 20.9988
9 33 291.5523
9 34 238.6595
9 35 218.6681
9 36 269.4597
9 37 3.6362
9 38 66.2609
9 39 184.6189
9 40 27.8792
9 41 107.497
9 42 245.7349
9 43 112.794
9 44 223.0157
9 45 236.1209
9 46 148.5485
9 47 16.7785
9 48 235.8474
9 49 5.6734
9 50 175.5836
9 51 131.8199
9 52 160.5739
9 53 4.9222
9 54 92.9691
9 55 62.5689
9 56 233.1055
9 57 95.226
9 58 233.7014
9 59 141.5075
9 60 93.4538
9 61 259.8979
9 62 44.7758
9 63 107.8817
9 64 25.7688
9 65 115.4551
9 66 33.0617
9 67 194.1836
9 68 41.0466
9 69 196.3601
9 70 225.3613
9 71 98.5518
9 72 55.714
9 73 160.3013
9 74 20.3292
9 75 126.0407
9 76 178.6471
9 77 83.2905
9 78 22.5403
9 79 116.3736
9 80 60.8314
9 81 178.2914
9 82 284.9144
9 83 161.2668
9 84 130.9528
9 85 179.8768
9 86 39.9124
9 87 55.6096
9 88 19.6511
9 89 262.288
9 90 65.9939
9 91 15.8801
9 92 181.1858
9 93 254.3142
9 94 91.0593
9 95 81.3437
9 96 40.7053
9 97 191.5661
9 98 86.3743
9 99 63.7689
10 11 293.9837
10 12 108.4768
10 13 45.8433
10 14 263.4611
10 15 204.3541
10 16 95.2851
10 17 4.9412
10 18 282.8116
10 19 60.3011
10 20 203.1069
10 21 218.7542
10 22 174.2194
10 23 15.9475
10 24 203.2288
10 25 106.8153
10 26 174.0593
10 27 25.3129
10 28 185.0131
10 29 195.2837
10 30 57.2337
10 31 134.4231
10 32 102.8522
10 33 100.049
10 34 181.0651
10 35 255.4201
10 36 17.2889
10 37 104.4142
10 38 18.1031
10 39 206.4486
10 40 247.0367
10 41 146.7324
10 42 233.8405
10 43 163.9282
10 44 53.2543
10 45 91.7206
10 46 256.4981
10 47 178.3798
10 48 245.4999
10 49 257.4482
10 50 280.6901
10 51 18.6141
10 52 28.8846
10 53 148.4329
10 54 33.1554
10 55 161.9262
10 56 97.2191
10 57 46.7776
10 58 278.3494
10 59 151.8843
10 60 285.4416
10 61 186.1232
10 62 235.3732
10 63 241.8214
10 64 250.166
10 65 207.2938
10 66 241.0082
10 67 239.8872
10 68 109.7142
10 69 262.6608
10 70 94.7863
10 71 202.5257
10 72 60.2026
10 73 34.1853
10 74 285.9129
10 75 20.9714
10 76 123.9004
10 77 200.5434
10 78 95.6851
10 79 8.5964
10 80 82.4756
10 81 106.8783
10 82 92.079
10 83 26.6233
10 84 234.1275
10 85 204.6283
10 86 298.5184
10 87 293.4562
10 88 92.504
10 89 16.4398
10 90 58.7958
10 91 279.7151
10 92 1.8586
10 93 295.4236
10 94 196.3314
10 95 220.1133
10 96 152.8392
10 97 236.9836
10 98 242.7116
10 99 32.9834
11 12 234.5825
11 13 8.7157
11 14 18.0175
11 15 284.604
11 16 10.8907
11 17 87.0283
11 18 275.0777
11 19 100.9126
11 20 175.462
11 21 67.7205
11 22 110.1722
11 23 4.8379
11 24 224.1941
11 25 52.5432
11 26 245.6775
11 27 50.3318
11 28 274.1966
11 29 95.5972
11 30 205.251
11 31 275.8124
11 32 279.4056
11 33 77.936
11 34 100.7182
11 35 68.5737
11 36 2.6736
11 37 245.5636
11 38 175.061
11 39 122.2688
11 40 243.5065
11 41 21.1814
11 42 151.5998
11 43 102.3002
11 44 127.7884
11 45 165.0941
11 46 144.2092
11 47 149.0575
11 48 169.2477
11 49 63.6713
11 50 138.5094
11 51 261.2308
11 52 169.3795
11 53 1.7615
11 54 180.7183
11 55 48.1987
11 56 176.6424
11 57 79.9921
11 58 199.0721
11 59 237.2188
11 60 224.8438
11 61 244.5287
11 62 125.3012
11 63 255.2555
11 64 82.1956
11 65 72.1506
11 66 267.5719
11 67 21.1932
11 68 58.9788
11 69 6.7273
11 70 31.3014
11 71 284.4054
11 72 67.8599
11 73 58.3386
11 74 292.7187
11 75 27.5393
11 76 86.2583
11 77 236.9711
11 78 40.3127
11 79 220.8326
11 80 217.7775
11 81 202.0179
11 82 115.1652
11 83 149.3184
11 84 247.0219
11 85 263.4721
11 86 105.7005
11 87 25.9532
11 88 292.1595
11 89 73.4494
11 90 2.6584
11 91 288.5126
11 92 115.0181
11 93 251.6282
11 94 166.9536
11 95 208.6702
11 96 253.4411
11 97 237.3899
11 98 144.382
11 99 131.4288
12 13 247.209
12 14 262.7119
12 15 121.4885
12 16 46.3993
12 17 206.0487
12 18 215.4255
12 19 111.9834
12 20 214.1553
12 21 11.7264
12 22 33.5525
12 23 262.7976
12 24 92.3171
12 25 27.5534
12 26 298.9244
12 27 86.4846
12 28 163.044
12 29 128.5207
12 30 292.046
12 31 211.7902
12 32 246.5998
12 33 101.7605
12 34 175.0801
12 35 215.0021
12 36 205.5978
12 37 90.4599
12 38 182.6116
12 39 265.7213
12 40 233.1172
12 41 60.2895
12 42 151.1503
12 43 114.9297
12 44 86.6235
12 45 143.4683
12 46 171.1224
12 47 2.8791
12 48 21.2071
12 49 149.9303
12 50 266.6659
12 51 124.1885
12 52 161.3031
12 53 213.3812
12 54 84.6479
12 55 223.3122
12 56 79.0052
12 57 102.8749
12 58 187.0534
12 59 193.2063
12 60 277.4304
12 61 225.4322
12 62 251.4119
12 63 30.2491
12 64 7.7591
12 65 71.0859
12 66 71.3787
12 67 211.2801
12 68 97.3603
12 69 19.1101
12 70 166.1376
12 71 128.2711
12 72 159.9837
12 73 191.2425
12 74 61.0638
12 75 2.0268
12 76 213.2999
12 77 136.3343
12 78 259.4469
12 79 272.8767
12 80 28.2761
12 81 65.2736
12 82 177.1287
12 83 130.3042
12 84 116.5873
12 85 288.1042
12 86 213.3098
12 87 14.4061
12 88 15.6675
12 89 215.1346
12 90 23.1694
12 91 244.961
12 92 141.3028
12 93 53.9083
12 94 56.7584
12 95 232.185
12 96 252.0125
12 97 249.4008
12 98 103.9418
12 99 33.2286
13 14 259.0683
13 15 112.3767
13 16 233.2687
13 17 33.7608
13 18 8.3401
13 19 296.7592
13 20 230.4401
13 21 288.706
13 22 72.6645
13 23 227.2468
13 24 65.4034
13 25 238.9183
13 26 101.4804
13 27 233.3451
13 28 60.3806
13 29 49.7583
13 30 208.8539
13 31 282.798
13 32 293.9046
13 33 121.9382
13 34 4.6544
13 35 250.7508
13 36 147.2887
13 37 40.4291
13 38 277.2986
13 39 72.5505
13 40 70.8537
13 41 232.0426
13 42 111.6827
13 43 197.1195
13 44 195.3456
13 45 83.9797
13 46 213.153
13 47 12.5953
13 48 24.4558
13 49 162.4551
13 50 115.2222
13 51 194.8181
13 52 219.8907
13 53 11.8837
13 54 217.5593
13 55 92.5553
13 56 54.4715
13 57 293.6702
13 58 35.5479
13 59 109.2982
13 60 34.4758
13 61 107.8401
13 62 221.1332
13 63 1.4781
13 64 146.0141
13 65 174.2633
13 66 171.4809
13 67 268.1809
13 68 85.8078
13 69 156.1339
13 70 21.3651
13 71 39.2587
13 72 33.5284
13 73 129.2167
13 74 68.249
13 75 98.3539
13 76 234.2017
13 77 179.6811
13 78 287.4774
13 79 41.7407
13 80 246.1562
13 81 274.2213
13 82 116.4294
13 83 72.314
13 84 299.796
13 85 91.4417
13 86 253.8554
13 87 180.3885
13 88 95.6097
13 89 232.7771
13 90 294.0396
13 91 1.2795
13 92 256.8037
13 93 99.8375
13 94 138.2108
13 95 261.1998
13 96 203.0553
13 97 289.7263
13 98 106.5759
13 99 76.697
14 15 207.1327
14 16 112.7721
14 17 86.6082
14 18 219.2076
14 19 21.4227
14 20 100.5868
14 21 32.5389
14 22 292.2519
14 23 261.194
14 24 106.865
14 25 171.4333
14 26 54.5339
14 27 167.3675
14 28 174.0051
14 29 245.964
14 30 97.5647
14 31 30.063
14 32 23.0079
14 33 218.3689
14 34 251.2985
14 35 35.0472
14 36 46.1618
14 37 226.263
14 38 80.4876
14 39 119.1864
14 40 6.1591
14 41 22.6392
14 42 102.1925
14 43 267.0761
14 44 206.2949
14 45 278.2498
14 46 295.1894
14 47 245.7221
14 48 180.4225
14 49 119.3712
14 50 150.4765
14 51 148.8588
14 52 151.3209
14 53 207.2576
14 54 188.9958
14 55 134.6254
14 56 237.1683
14 57 94.1589
14 58 237.5398
14 59 68.0544
14 60 118.2926
14 61 4.6905
14 62 279.2717
14 63 245.1993
14 64 56.6521
14 65 121.5043
14 66 119.7267
14 67 243.6289
14 68 128.0047
14 69 116.7791
14 70 293.2979
14 71 248.3186
14 72 156.812
14 73 212.1792
14 74 293.5573
14 75 139.1326
14 76 286.3297
14 77 243.4678
14 78 203.4506
14 79 244.9064
14 80 150.6273
14 81 60.4928
14 82 200.4723
14 83 167.3122
14 84 199.1716
14 85 99.5501
14 86 109.8183
14 87 68.1938
14 88 112.1447
14 89 175.7453
14 90 149.7735
14 91 39.0642
14 92 38.1586
14 93 219.3613
14 94 52.4395
14 95 251.7853
14 96 158.4385
14 97 182.0503
14 98 273.9436
14 99 208.204
15 16 1.0306
15 17 91.4879
15 18 81.644
15 19 267.1557
15 20 67.6781
15 21 268.9949
15 22 294.4777
15 23 282.7471
15 24 129.8038
15 25 178.1452
15 26 161.5417
15 27 213.4018
15 28 184.7442
15 29 98.8949
15 30 22.9452
15 31 75.535
15 32 207.5167
15 33 27.7682
15 34 5.9959
15 35 98.72
15 36 181.056
15 37 22.5094
15 38 224.1618
15 39 299.2866
15 40 223.1883
15 41 146.194
15 42 4.6993
15 43 14.1626
15 44 60.0751
15 45 108.0957
15 46 89.4947
15 47 39.9934
15 48 164.1002
15 49 190.5484
15 50 251.3266
15 51 245.1024
15 52 260.4923
15 53 200.8008
15 54 191.9519
15 55 75.6683
15 56 299.8779
15 57 139.201
15 58 279.9311
15 59 126.8167
15 60 130.9501
15 61 222.0046
15 62 230.7016
15 63 154.2935
15 64 160.0826
15 65 210.9588
15 66 188.7089
15 67 27.2704
15 68 6.3771
15 69 279.0185
15 70 280.8626
15 71 119.2247
15 72 83.7238
15 73 257.2593
15 74 140.9389
15 75 188.4583
15 76 168.4412
15 77 65.1422
15 78 262.5596
15 79 148.9047
15 80 40.4342
15 81 254.1546
15 82 60.2932
15 83 116.8315
15 84 114.4011
15 85 168.6156
15 86 225.6
15 87 85.9252
15 88 136.8753
15 89 24.7305
15 90 109.7646
15 91 224.2371
15 92 41.3247
15 93 9.2811
15 94 255.3301
15 95 241.4615
15 96 57.1612
15 97 13.2957
15 98 34.8301
15 99 64.2128
16 17 28.537
16 18 228.4659
16 19 142.914
16 20 212.2726
16 21 98.9106
16 22 210.6693
16 23 161.5688
16 24 92.8812
16 25 66.5028
16 26 12.6188
16 27 30.0505
16 28 76.2675
16 29 57.7826
16 30 161.1566
16 31 207.355
16 32 48.7661
16 33 175.6788
16 34 42.1076
16 35 213.8254
16 36 80.2265
16 37 248.0277
16 38 221.7001
16 39 215.6691
16 40 137.745
16 41 36.2203
16 42 231.7593
16 43 169.2455
16 44 42.348
16 45 16.6016
16 46 233.8279
16 47 68.4017
16 48 15.2671
16 49 232.7925
16 50 233.8976
16 51 112.3108
16 52 106.3973
16 53 161.3631
16 54 138.4008
16 55 219.9466
16 56 84.6473
16 57 178.2283
16 58 25.9641
16 59 152.6771
16 60 227.818
16 61 161.2376
16 62 66.6141
16 63 100.8261
16 64 157.221
16 65 294.0941
16 66 169.2593
16 67 273.2765
16 68 103.0247
16 69 116.7379
16 70 103.8516
16 71 209.8788
16 72 154.3209
16 73 75.4593
16 74 32.2766
16 75 62.4781
16 76 20.1891
16 77 111.0902
16 78 292.7749
16 79 198.0099
16 80 13.9689
16 81 207.37
16 82 268.3817
16 83 193.8679
16 84 123.758
16 85 230.4745
16 86 6.5378
16 87 222.3459
16 88 299.4625
16 89 157.8503
16 90 43.1907
16 91 91.1152
16 92 81.4801
16 93 94.6656
16 94 32.5559
16 95 122.5975
16 96 84.3981
16 97 259.1333
16 98 162.629
16 99 231.7813
17 18 86.7487
17 19 23.4312
17 20 181.6555
17 21 276.0818
17 22 189.1937
17 23 190.8473
17 24 42.3244
17 25 103.6707
17 26 185.2621
17 27 257.3672
17 28 138.3111
17 29 226.3892
17 30 119.015
17 31 262.774
17 32 36.9313
17 33 262.927
17 34 280.8093
17 35 104.2615
17 36 273.8287
17 37 63.0216
17 38 193.0874
17 39 132.0737
17 40 137.4297
17 41 150.7803
17 42 240.1186
17 43 193.2259
17 44 155.6465
17 45 283.6863
17 46 205.6358
17 47 275.6113
17 48 7.8996
17 49 101.5795
17 50 11.4632
17 51 235.849
17 52 247.9241
17 53 122.6762
17 54 127.6056
17 55 213.9207
17 56 234.5286
17 57 83.2546
17 58 265.935
17 59 186.6598
17 60 44.4234
17 61 253.0058
17 62 130.9583
17 63 234.7918
17 64 276.977
17 65 7.293
17 66 211.3677
17 67 271.6955
17 68 197.8789
17 69 153.2723
17 70 19.0557
17 71 23.3675
17 72 223.4801
17 73 218.3857
17 74 143.9754
17 75 78.7052
17 76 64.8552
17 77 169.0728
17 78 246.3208
17 79 122.8435
17 80 2.6879
17 81 5.537
17 82 22.5977
17 83 92.4392
17 84 58.6831
17 85 76.5052
17 86 64.8228
17 87 159.8386
17 88 147.185
17 89 13.9689
17 90 40.6351
17 91 19.6646
17 92 281.1688
17 93 40.5866
17 94 4.6629
17 95 29.3127
17 96 101.5027
17 97 185.3763
17 98 184.2612
17 99 147.9641
18 19 119.3789
18 20 92.7741
18 21 183.5249
18 22 166.4886
18 23 143.8269
18 24 202.7802
18 25 190.1642
18 26 207.5359
18 27 22.1934
18 28 228.5839
18 29 28.3658
18 30 87.3176
18 31 247.7417
18 32 285.2888
18 33 91.0961
18 34 267.7817
18 35 42.7665
18 36 145.4771
18 37 155.5667
18 38 115.0811
18 39 112.0193
18 40 259.4729
18 41 155.8196
18 42 56.8196
18 43 115.8684
18 44 123.2825
18 45 263.0002
18 46 103.4003
18 47 2.5117
18 48 251.1875
18 49 233.7388
18 50 165.5101
18 51 74.0819
18 52 6.7684
18 53 219.7298
18 54 87.5879
18 55 129.3857
18 56 40.2141
18 57 108.0299
18 58 77.5039
18 59 115.9233
18 60 168.6746
18 61 118.3288
18 62 268.5704
18 63 218.5558
18 64 149.2628
18 65 285.4474
18 66 131.7041
18 67 261.657
18 68 61.432
18 69 44.8692
18 70 104.5707
18 71 161.3014
18 72 117.4365
18 73 192.5751
18 74 146.6232
18 75 211.1225
18 76 81.4239
18 77 233.7653
18 78 252.5823
18 79 195.0198
18 80 138.1181
18 81 110.6729
18 82 185.0554
18 83 163.3607
18 84 243.1777
18 85 291.9443
18 86 57.5572
18 87 281.7776
18 88 294.9049
18 89 172.5082
18 90 122.8056
18 91 202.2842
18 92 152.4082
18 93 160.5391
18 94 49.392
18 95 32.3517
18 96 157.1077
18 97 86.3173
18 98 102.0376
18 99 113.9456
19 20 8.8493
19 21 195.7932
19 22 238.2142
19 23 47.4556
19 24 253.3843
19 25 20.6742
19 26 246.4239
19 27 190.0692
19 28 247.8358
19 29 226.3585
19 30 51.2836
19 31 137.3005
19 32 2.0924
19 33 197.0113
19 34 14.1554
19 35 117.6006
19 36 136.3077
19 37 73.0847
19 38 276.0765
19 39 68.6042
19 40 213.8709
19 41 130.5559
19 42 185.0007
19 43 155.0816
19 44 96.9308
19 45 49.3512
19 46 140.6005
19 47 296.893
19 48 136.1839
19 49 147.2199
19 50 143.1951
19 51 161.0377
19 52 219.1605
19 53 254.4179
19 54 51.1655
19 55 1.8165
19 56 205.1558
19 57 172.5111
19 58 84.4668
19 59 143.2305
19 60 70.9099
19 61 8.5831
19 62 138.7208
19 63 267.0117
19 64 13.746
19 65 139.821
19 66 185.897
19 67 207.1732
19 68 163.4354
19 69 280.1003
19 70 207.9604
19 71 174.0742
19 72 70.9789
19 73 7.3668
19 74 298.3478
19 75 59.635
19 76 212.7364
19 77 262.5091
19 78 193.3623
19 79 120.3131
19 80 84.7225
19 81 20.6311
19 82 202.3761
19 83 274.516
19 84 222.0836
19 85 122.1176
19 86 260.955
19 87 98.8422
19 88 246.1683
19 89 1.2549
19 90 97.5848
19 91 26.2659
19 92 13.2846
19 93 287.3295
19 94 26.8392
19 95 234.0402
19 96 8.4397
19 97 248.5461
19 98 167.9996
19 99 196.1554
20 21 85.2925
20 22 221.4231
20 23 297.2916
20 24 258.9649
20 25 29.7557
20 26 258.2539
20 27 89.2693
20 28 196.5785
20 29 37.6679
20 30 85.4864
20 31 220.2458
20 32 141.297
20 33 33.7048
20 34 1.8682
20 35 237.7707
20 36 4.1942
20 37 204.6909
20 38 152.9009
20 39 126.6821
20 40 106.7819
20 41 189.8006
20 42 91.1704
20 43 260.035
20 44 51.0954
20 45 172.5593
20 46 48.1954
20 47 76.0486
20 48 109.4829
20 49 111.805
20 50 181.2256
20 51 220.3418
20 52 89.2818
20 53 41.3575
20 54 19.6568
20 55 99.4025
20 56 66.1208
20 57 249.2581
20 58 76.1179
20 59 88.7589
20 60 129.3111
20 61 38.5243
20 62 28.122
20 63 25.5037
20 64 44.3459
20 65 186.7113
20 66 68.8878
20 67 5.5183
20 68 88.7771
20 69 224.9646
20 70 77.4721
20 71 69.4733
20 72 275.9955
20 73 116.7558
20 74 240.6461
20 75 80.2227
20 76 56.1133
20 77 25.5128
20 78 208.091
20 79 38.4069
20 80 183.8408
20 81 275.2358
20 82 134.8908
20 83 24.5954
20 84 14.7021
20 85 113.7892
20 86 268.6664
20 87 296.6184
20 88 181.0582
20 89 217.0941
20 90 289.8091
20 91 77.2598
20 92 84.2907
20 93 24.899
20 94 101.0312
20 95 135.8728
20 96 203.1476
20 97 77.4395
20 98 204.0806
20 99 122.3584
21 22 299.5278
21 23 252.2136
21 24 250.9094
21 25 133.8571
21 26 232.0526
21 27 216.148
21 28 41.5215
21 29 74.5721
21 30 294.3507
21 31 77.9583
21 32 99.765
21 33 216.7134
21 34 231.6282
21 35 264.6391
21 36 166.656
21 37 9.6625
21 38 270.0029
21 39 262.3842
21 40 65.6861
21 41 42.2214
21 42 208.6351
21 43 10.9223
21 44 167.8961
21 45 188.6092
21 46 36.8497
21 47 258.6786
21 48 24.4972
21 49 49.3798
21 50 122.8651
21 51 191.646
21 52 157.2259
21 53 225.6008
21 54 199.1072
21 55 139.8164
21 56 281.0455
21 57 227.8658
21 58 257.8768
21 59 115.4259
21 60 256.6976
21 61 128.0291
21 62 93.4532
21 63 36.0829
21 64 65.3018
21 65 7.9613
21 66 64.3255
21 67 56.8978
21 68 154.5802
21 69 18.1492
21 70 14.9788
21 71 234.8728
21 72 21.7739
21 73 59.5617
21 74 278.523
21 75 230.0588
21 76 168.0521
21 77 104.4175
21 78 224.6246
21 79 8.0504
21 80 51.0498
21 81 134.0947
21 82 280.3664
21 83 136.7035
21 84 215.064
21 85 234.2292
21 86 105.411
21 87 76.09
21 88 32.3412
21 89 118.1788
21 90 110.4662
21 91 133.6032
21 92 28.9457
21 93 121.2455
21 94 288.8912
21 95 121.5229
21 96 39.7114
21 97 182.7494
21 98 173.0562
21 99 239.2106
22 23 146.6418
22 24 276.2485
22 25 129.5281
22 26 28.4112
22 27 75.7752
22 28 39.6587
22 29 56.0909
22 30 290.1959
22 31 8.6952
22 32 269.3712
22 33 283.6717
22 34 182.2578
22 35 117.1088
22 36 42.9038
22 37 127.8959
22 38 209.3598
22 39 38.2675
22 40 222.7758
22 41 186.5869
22 42 279.723
22 43 169.0803
22 44 40.0059
22 45 76.9619
22 46 193.0857
22 47 130.6905
22 48 17.2625
22 49 261.131
22 50 190.4401
22 51 29.7929
22 52 104.3761
22 53 4.8379
22 54 216.7989
22 55 78.1565
22 56 117.4845
22 57 258.3109
22 58 216.948
22 59 234.1106
22 60 190.7557
22 61 112.1959
22 62 192.8636
22 63 141.0263
22 64 269.5026
22 65 30.0403
22 66 40.6487
22 67 80.3027
22 68 271.5273
22 69 58.4965
22 70 76.447
22 71 69.5864
22 72 16.4099
22 73 292.1732
22 74 172.017
22 75 108.0983
22 76 237.7021
22 77 32.4796
22 78 132.5239
22 79 35.2121
22 80 80.7385
22 81 38.3379
22 82 244.9232
22 83 224.9109
22 84 249.2716
22 85 73.7955
22 86 154.8236
22 87 194.6924
22 88 297.0001
22 89 242.8565
22 90 180.099
22 91 297.5789
22 92 173.5014
22 93 141.24
22 94 47.7223
22 95 162.0583
22 96 256.1077
22 97 1.3085
22 98 280.9871
22 99 233.877
23 24 18.6561
23 25 92.0024
23 26 55.1187
23 27 139.8731
23 28 20.636
23 29 18.5225
23 30 195.7446
23 31 79.593
23 32 130.9627
23 33 108.9686
23 34 110.6046
23 35 245.9863
23 36 224.6391
23 37 122.8547
23 38 147.1832
23 39 232.7721
23 40 220.0602
23 41 82.9257
23 42 83.4093
23 43 44.9653
23 44 104.2819
23 45 23.4846
23 46 256.0555
23 47 62.1934
23 48 88.9631
23 49 290.2501
23 50 202.8961
23 51 236.908
23 52 93.7157
23 53 267.3801
23 54 2.5179
23 55 213.6641
23 56 244.4161
23 57 134.9014
23 58 290.4275
23 59 132.7018
23 60 240.2618
23 61 42.6926
23 62 69.5529
23 63 123.2079
23 64 87.9848
23 65 144.8496
23 66 191.4876
23 67 178.6386
23 68 139.2071
23 69 30.7983
23 70 214.7494
23 71 119.0637
23 72 281.7708
23 73 246.8644
23 74 34.8419
23 75 193.4511
23 76 299.5332
23 77 146.0679
23 78 235.0485
23 79 235.1309
23 80 145.2466
23 81 272.5862
23 82 85.5492
23 83 6.7997
23 84 260.8427
23 85 235.5732
23 86 174.2585
23 87 134.9249
23 88 297.0559
23 89 132.5022
23 90 278.193
23 91 123.3317
23 92 50.0384
23 93 10.5326
23 94 141.8308
23 95 82.0624
23 96 114.1804
23 97 183.5359
23 98 79.7127
23 99 123.0313
24 25 209.5766
24 26 163.4509
24 27 255.0307
24 28 6.5304
24 29 209.6002
24 30 254.6367
24 31 1.7318
24 32 284.9617
24 33 148.5704
24 34 116.6895
24 35 173.6265
24 36 87.8558
24 37 214.2539
24 38 201.9556
24 39 189.9777
24 40 2.8664
24 41 134.1151
24 42 93.157
24 43 297.9165
24 44 104.7803
24 45 101.8879
24 46 203.265
24 47 210.1025
24 48 121.0814
24 49 228.8686
24 50 12.6345
24 51 89.4245
24 52 22.8181
24 53 142.5843
24 54 295.747
24 55 68.4379
24 56 269.478
24 57 154.0166
24 58 111.5683
24 59 188.8824
24 60 169.5511
24 61 118.7998
24 62 296.5029
24 63 86.5126
24 64 11.2991
24 65 168.8208
24 66 108.6919
24 67 167.8744
24 68 216.0947
24 69 67.2804
24 70 58.6969
24 71 180.3173
24 72 202.6337
24 73 72.6886
24 74 256.6391
24 75 192.7551
24 76 204.461
24 77 108.0265
24 78 79.3827
24 79 212.7004
24 80 111.7503
24 81 245.3481
24 82 40.7079
24 83 177.6998
24 84 94.1466
24 85 45.9541
24 86 169.68
24 87 191.5172
24 88 93.0098
24 89 264.537
24 90 298.2989
24 91 74.8623
24 92 231.3329
24 93 57.2925
24 94 229.9934
24 95 278.7965
24 96 116.9903
24 97 285.062
24 98 190.4827
24 99 118.8162
25 26 267.3624
25 27 14.6592
25 28 265.5322
25 29 208.5646
25 30 138.3112
25 31 92.6234
25 32 110.8915
25 33 269.5205
25 34 192.8515
25 35 248.8417
25 36 63.2986
25 37 250.4394
25 38 158.8461
25 39 229.3806
25 40 68.6256
25 41 126.8928
25 42 259.5743
25 43 191.3353
25 44 227.0503
25 45 154.9268
25 46 33.4865
25 47 212.6182
25 48 85.3889
25 49 79.8636
25 50 88.735
25 51 191.8025
25 52 293.1293
25 53 292.6201
25 54 207.1742
25 55 2.9295
25 56 29.545
25 57 1.1009
25 58 3.9921
25 59 218.8067
25 60 258.5305
25 61 216.3327
25 62 74.0055
25 63 164.9672
25 64 222.3978
25 65 81.6113
25 66 262.0192
25 67 294.5953
25 68 157.2863
25 69 269.8233
25 70 257.4227
25 71 92.2936
25 72 64.7151
25 73 81.6823
25 74 174.3546
25 75 211.5382
25 76 221.9097
25 77 88.3494
25 78 299.6303
25 79 288.3773
25 80 56.5274
25 81 286.4478
25 82 209.5028
25 83 107.827
25 84 63.2431
25 85 206.2324
25 86 232.7519
25 87 253.6496
25 88 173.3246
25 89 183.0746
25 90 177.3654
25 91 133.8715
25 92 273.1681
25 93 232.0809
25 94 181.4456
25 95 260.1389
25 96 281.3502
25 97 216.3889
25 98 156.9612
25 99 294.9873
26 27 86.5056
26 28 83.3455
26 29 38.546
26 30 39.0591
26 31 35.6947
26 32 255.8229
26 33 193.1785
26 34 22.8619
26 35 46.7866
26 36 111.3724
26 37 25.3643
26 38 269.4734
26 39 250.0487
26 40 288.244
26 41 184.6499
26 42 217.9383
26 43 113.4238
26 44 134.6469
26 45 143.2012
26 46 81.5286
26 47 244.8814
26 48 46.797
26 49 270.4702
26 50 27.9178
26 51 141.3293
26 52 248.1312
26 53 243.5281
26 54 246.874
26 55 237.2467
26 56 282.5382
26 57 238.8311
26 58 63.8228
26 59 280.8399
26 60 56.5532
26 61 45.8512
26 62 227.4239
26 63 25.8512
26 64 258.6459
26 65 48.8327
26 66 213.9209
26 67 201.942
26 68 172.5507
26 69 12.2881
26 70 197.2423
26 71 171.5793
26 72 114.5192
26 73 282.9171
26 74 132.2669
26 75 119.2647
26 76 291.6889
26 77 196.6349
26 78 295.7006
26 79 24.5729
26 80 53.5376
26 81 174.4279
26 82 293.7764
26 83 138.7202
26 84 186.8186
26 85 175.9645
26 86 239.1171
26 87 96.7668
26 88 112.5786
26 89 160.2398
26 90 233.9407
26 91 276.4727
26 92 252.2416
26 93 148.8491
26 94 104.3091
26 95 270.2452
26 96 109.9554
26 97 12.4234
26 98 194.9263
26 99 4.5675
27 28 136.8977
27 29 56.6187
27 30 180.8855
27 31 276.4277
27 32 241.0209
27 33 158.1572
27 34 168.0711
27 35 51.9542
27 36 268.893
27 37 55.057
27 38 269.5287
27 39 178.4145
27 40 93.7007
27 41 276.4154
27 42 156.8887
27 43 213.3934
27 44 9.6238
27 45 95.2091
27 46 141.6707
27 47 230.4786
27 48 243.4951
27 49 224.3519
27 50 177.8462
27 51 47.5494
27 52 116.4889
27 53 225.9882
27 54 63.5907
27 55 298.3926
27 56 6.8484
27 57 87.8076
27 58 53.1512
27 59 16.9563
27 60 8.5866
27 61 148.3102
27 62 237.8362
27 63 58.9393
27 64 226.5742
27 65 274.4837
27 66 254.8349
27 67 259.3324
27 68 287.817
27 69 220.6196
27 70 37.867
27 71 137.3961
27 72 123.8059
27 73 220.9045
27 74 269.9374
27 75 151.2039
27 76 217.2505
27 77 213.3469
27 78 256.3658
27 79 62.8746
27 80 281.2266
27 81 155.7579
27 82 211.2538
27 83 272.6024
27 84 108.8801
27 85 41.0102
27 86 160.0173
27 87 114.6368
27 88 202.2901
27 89 66.8525
27 90 288.678
27 91 236.6668
27 92 134.087
27 93 74.4221
27 94 276.007
27 95 219.686
27 96 265.6262
27 97 45.8527
27 98 110.087
27 99 259.0552
28 29 31.5261
28 30 237.0744
28 31 100.8992
28 32 212.5025
28 33 24.4114
28 34 70.353
28 35 273.8478
28 36 169.7782
28 37 4.2181
28 38 28.9524
28 39 150.3232
28 40 101.2989
28 41 18.9815
28 42 98.469
28 43 12.5758
28 44 137.7637
28 45 49.317
28 46 271.4031
28 47 232.4696
28 48 206.0147
28 49 126.213
28 50 17.8995
28 51 14.6507
28 52 103.856
28 53 224.877
28 54 64.5258
28 55 79.7163
28 56 101.9841
28 57 209.2355
28 58 8.9128
28 59 268.1664
28 60 293.609
28 61 2.1955
28 62 39.4302
28 63 202.6479
28 64 169.9759
28 65 10.3264
28 66 286.3385
28 67 154.1134
28 68 5.6238
28 69 290.3186
28 70 141.568
28 71 51.8987
28 72 28.8811
28 73 256.6608
28 74 28.6957
28 75 258.2843
28 76 201.4617
28 77 250.7284
28 78 166.4138
28 79 177.5895
28 80 189.7001
28 81 10.7879
28 82 47.7559
28 83 123.1314
28 84 256.7344
28 85 199.2485
28 86 113.4903
28 87 145.3187
28 88 229.9014
28 89 225.0794
28 90 5.5623
28 91 202.8156
28 92 141.9565
28 93 204.7899
28 94 215.282
28 95 7.496
28 96 244.5228
28 97 271.0062
28 98 44.2818
28 99 42.4713
29 30 49.7844
29 31 47.5764
29 32 21.4461
29 33 296.2231
29 34 113.9511
29 35 164.7448
29 36 202.4783
29 37 189.6749
29 38 107.4011
29 39 177.8809
29 40 146.5943
29 41 166.7729
29 42 77.114
29 43 266.6799
29 44 199.2147
29 45 75.1717
29 46 64.8711
29 47 17.2971
29 48 244.6227
29 49 54.7851
29 50 130.1706
29 51 145.6046
29 52 110.0039
29 53 54.9408
29 54 89.9116
29 55 55.048
29 56 292.8181
29 57 69.0059
29 58 50.0876
29 59 139.5392
29 60 293.0041
29 61 182.3556
29 62 96.643
29 63 62.6093
29 64 207.3823
29 65 44.4442
29 66 88.7939
29 67 283.7599
29 68 205.2021
29 69 132.6415
29 70 5.1768
29 71 49.0692
29 72 131.4685
29 73 39.485
29 74 258.5259
29 75 179.297
29 76 62.7483
29 77 188.6561
29 78 41.5238
29 79 217.2875
29 80 160.9209
29 81 9.3221
29 82 153.4042
29 83 108.7471
29 84 49.2429
29 85 101.7198
29 86 201.4465
29 87 50.2029
29 88 187.4913
29 89 128.3605
29 90 296.2648
29 91 169.9935
29 92 172.5038
29 93 233.1268
29 94 22.8823
29 95 59.3298
29 96 204.2418
29 97 38.2344
29 98 205.4512
29 99 141.3629
30 31 16.7733
30 32 69.64
30 33 86.7424
30 34 91.7197
30 35 55.598
30 36 277.0997
30 37 15.2437
30 38 58.6207
30 39 270.0075
30 40 31.026
30 41 60.3944
30 42 216.3344
30 43 206.1894
30 44 171.5314
30 45 220.6054
30 46 117.9348
30 47 188.2002
30 48 224.2003
30 49 154.795
30 50 292.0922
30 51 147.397
30 52 57.4917
30 53 64.3524
30 54 115.3082
30 55 141.4559
30 56 144.357
30 57 214.7785
30 58 280.9123
30 59 164.127
30 60 107.3728
30 61 59.4609
30 62 162.3431
30 63 4.3724
30 64 229.3682
30 65 32.1118
30 66 220.1194
30 67 231.7864
30 68 154.2483
30 69 109.4607
30 70 95.0421
30 71 63.0644
30 72 64.6167
30 73 20.5436
30 74 187.0905
30 75 145.4664
30 76 120.0716
30 77 95.9558
30 78 61.5069
30 79 176.3074
30 80 81.4951
30 81 206.6493
30 82 42.2824
30 83 149.7455
30 84 59.8131
30 85 247.2344
30 86 105.4016
30 87 4.3714
30 88 149.8002
30 89 100.6847
30 90 247.5784
30 91 98.9074
30 92 99.1084
30 93 10.1066
30 94 45.0993
30 95 65.3876
30 96 6.3183
30 97 181.043
30 98 172.4944
30 99 219.9198
31 32 96.6296
31 33 158.9448
31 34 194.9073
31 35 188.5991
31 36 270.8584
31 37 39.9568
31 38 27.7342
31 39 111.3765
31 40 195.1854
31 41 276.8082
31 42 239.1173
31 43 56.0263
31 44 254.795
31 45 78.4962
31 46 117.4554
31 47 60.1009
31 48 126.862
31 49 286.602
31 50 202.3393
31 51 220.8598
31 52 181.7159
31 53 48.1518
31 54 66.333
31 55 117.8507
31 56 91.1997
31 57 94.0297
31 58 154.1526
31 59 235.0267
31 60 57.6222
31 61 110.7765
31 62 62.9184
31 63 282.5483
31 64 81.0507
31 65 252.5456
31 66 274.8137
31 67 194.8247
31 68 185.6039
31 69 13.3682
31 70 146.8876
31 71 23.5993
31 72 201.0255
31 73 100.546
31 74 132.8018
31 75 174.3915
31 76 115.9263
31 77 171.1512
31 78 270.5957
31 79 156.1229
31 80 16.1713
31 81 203.5195
31 82 205.7801
31 83 262.9713
31 84 296.0402
31 85 140.1494
31 86 142.177
31 87 16.6865
31 88 145.7446
31 89 91.5081
31 90 27.1502
31 91 9.025
31 92 25.2801
31 93 3.8325
31 94 230.9403
31 95 195.8421
31 96 221.4458
31 97 89.543
31 98 52.9805
31 99 154.4804
32 33 248.5443
32 34 82.1324
32 35 172.1901
32 36 17.5918
32 37 18.7398
32 38 288.0796
32 39 185.4741
32 40 290.082
32 41 240.7463
32 42 75.7596
32 43 139.6538
32 44 228.1054
32 45 206.9791
32 46 229.2123
32 47 71.0489
32 48 41.8801
32 49 214.8047
32 50 194.4643
32 51 9.3969
32 52 205.0994
32 53 72.6006
32 54 278.7122
32 55 268.4813
32 56 124.5622
32 57 281.9129
32 58 100.4972
32 59 19.5598
32 60 1.0021
32 61 178.9564
32 62 256.8982
32 63 287.2528
32 64 91.5068
32 65 69.7576
32 66 104.6433
32 67 282.6251
32 68 150.6644
32 69 89.9635
32 70 36.0143
32 71 171.9058
32 72 68.8503
32 73 203.1035
32 74 126.784
32 75 200.513
32 76 285.0994
32 77 95.1755
32 78 295.1451
32 79 180.8005
32 80 191.0422
32 81 81.3723
32 82 244.3971
32 83 46.0986
32 84 110.0921
32 85 136.9124
32 86 149.8234
32 87 30.6746
32 88 254.5067
32 89 285.7056
32 90 57.5257
32 91 28.5214
32 92 2.3691
32 93 259.0588
32 94 133.32
32 95 108.9615
32 96 166.227
32 97 156.1416
32 98 166.4714
32 99 117.8293
33 34 59.2321
33 35 18.8273
33 36 101.4896
33 37 173.5685
33 38 260.118
33 39 206.5936
33 40 183.8883
33 41 29.9323
33 42 100.6827
33 43 64.7792
33 44 144.1907
33 45 189.1388
33 46 5.0865
33 47 89.2509
33 48 71.0854
33 49 80.9464
33 50 195.413
33 51 73.4903
33 52 216.0712
33 53 176.4145
33 54 186.0518
33 55 179.3366
33 56 14.653
33 57 56.2458
33 58 1.8554
33 59 259.999
33 60 239.1913
33 61 246.8614
33 62 54.0604
33 63 38.4203
33 64 24.8212
33 65 98.1135
33 66 194.4159
33 67 212.1922
33 68 60.8154
33 69 94.6339
33 70 186.6581
33 71 88.1723
33 72 255.6952
33 73 32.4999
33 74 42.7478
33 75 101.4819
33 76 75.1969
33 77 216.7602
33 78 59.4376
33 79 172.1718
33 80 194.5372
33 81 253.5764
33 82 89.1877
33 83 67.7964
33 84 197.9794
33 85 152.5249
33 86 233.7477
33 87 94.3403
33 88 297.8279
33 89 18.3026
33 90 54.6816
33 91 254.05
33 92 225.7746
33 93 187.9387
33 94 205.6892
33 95 105.2593
33 96 161.4282
33 97 75.7373
33 98 250.1124
33 99 54.6246
34 35 219.3228
34 36 292.4829
34 37 55.5954
34 38 293.9906
34 39 209.0919
34 40 246.2822
34 41 54.0847
34 42 46.9917
34 43 141.5304
34 44 168.6838
34 45 122.0357
34 46 1.5177
34 47 4.2024
34 48 228.6522
34 49 78.3961
34 50 278.8632
34 51 242.1
34 52 274.2371
34 53 282.5114
34 54 196.7086
34 55 64.8024
34 56 262.3225
34 57 88.7076
34 58 252.8871
34 59 291.7534
34 60 8.3714
34 61 239.0619
34 62 79.6874
34 63 2.4305
34 64 235.6593
34 65 84.507
34 66 155.7111
34 67 126.2979
34 68 263.2227
34 69 121.3365
34 70 164.3893
34 71 188.2424
34 72 147.3724
34 73 23.3436
34 74 109.8431
34 75 209.7004
34 76 188.3259
34 77 174.3123
34 78 24.11
34 79 257.1508
34 80 89.6528
34 81 72.4862
34 82 258.3208
34 83 239.9396
34 84 26.4249
34 85 54.6282
34 86 54.7851
34 87 213.1583
34 88 64.8935
34 89 183.3339
34 90 139.9699
34 91 282.504
34 92 95.6992
34 93 131.8128
34 94 23.1581
34 95 58.1314
34 96 248.9658
34 97 79.7031
34 98 281.126
34 99 269.433
35 36 206.3048
35 37 40.0329
35 38 120.6951
35 39 22.1849
35 40 52.2465
35 41 28.4007
35 42 283.958
35 43 17.0955
35 44 179.1851
35 45 181.1985
35 46 281.1995
35 47 191.5768
35 48 128.9076
35 49 292.4547
35 50 122.4927
35 51 270.286
35 52 1.5489
35 53 187.7187
35 54 13.6722
35 55 187.735
35 56 144.6913
35 57 125.5424
35 58 43.0219
35 59 21.9081
35 60 152.9935
35 61 78.5488
35 62 164.5884
35 63 57.2225
35 64 208.9296
35 65 37.6432
35 66 166.1806
35 67 201.9942
35 68 28.4949
35 69 130.2284
35 70 123.3375
35 71 9.6075
35 72 231.2482
35 73 46.09
35 74 23.7388
35 75 15.0363
35 76 299.5169
35 77 123.5755
35 78 201.2214
35 79 197.0943
35 80 235.9867
35 81 188.7929
35 82 98.7448
35 83 241.638
35 84 110.2467
35 85 70.9927
35 86 39.8975
35 87 274.2871
35 88 247.4349
35 89 220.2938
35 90 44.9204
35 91 216.2719
35 92 87.4523
35 93 28.2213
35 94 26.4309
35 95 19.5864
35 96 103.7672
35 97 20.2271
35 98 163.7816
35 99 168.7087
36 37 260.0774
36 38 111.1907
36 39 69.6528
36 40 123.4953
36 41 40.7073
36 42 219.2588
36 43 46.3589
36 44 46.9162
36 45 189.0521
36 46 282.7592
36 47 112.3698
36 48 295.3566
36 49 167.9387
36 50 109.2375
36 51 101.8177
36 52 190.5823
36 53 108.9983
36 54 181.7713
36 55 33.4528
36 56 20.7919
36 57 90.3893
36 58 81.9379
36 59 299.1663
36 60 121.8106
36 61 135.2963
36 62 127.6168
36 63 240.7155
36 64 159.9649
36 65 10.4331
36 66 119.7446
36 67 9.4853
36 68 116.49
36 69 299.078
36 70 30.7022
36 71 153.0104
36 72 251.2239
36 73 150.1449
36 74 254.3242
36 75 240.5218
36 76 123.3424
36 77 83.495
36 78 235.8677
36 79 146.8574
36 80 285.1687
36 81 109.7918
36 82 155.8356
36 83 104.7269
36 84 101.4609
36 85 47.2292
36 86 2.8975
36 87 284.5665
36 88 191.2655
36 89 280.7762
36 90 52.3923
36 91 195.6627
36 92 111.1416
36 93 163.0157
36 94 93.6116
36 95 149.6379
36 96 187.3659
36 97 107.5699
36 98 40.7347
36 99 205.3544
37 38 291.3328
37 39 118.794
37 40 90.3126
37 41 21.8177
37 42 238.4921
37 43 138.392
37 44 284.1669
37 45 120.96
37 46 35.4692
37 47 32.8866
37 48 231.6709
37 49 280.3609
37 50 257.6856
37 51 170.1844
37 52 58.0245
37 53 151.1666
37 54 276.1432
37 55 111.9693
37 56 243.4212
37 57 294.4874
37 58 56.5071
37 59 142.4624
37 60 282.9933
37 61 114.9801
37 62 108.8068
37 63 234.4771
37 64 264.9055
37 65 4.3205
37 66 260.5581
37 67 1.9371
37 68 250.3785
37 69 210.4239
37 70 14.6521
37 71 39.7012
37 72 175.8318
37 73 68.5515
37 74 289.5012
37 75 145.4954
37 76 272.3693
37 77 42.6431
37 78 141.3163
37 79 131.3507
37 80 145.0945
37 81 24.8113
37 82 236.1734
37 83 45.6373
37 84 5.5712
37 85 198.3599
37 86 298.4505
37 87 94.6602
37 88 145.3513
37 89 140.5718
37 90 297.3498
37 91 222.7901
37 92 66.5641
37 93 116.4162
37 94 282.7377
37 95 165.6389
37 96 86.112
37 97 277.476
37 98 294.7732
37 99 50.9628
38 39 168.3555
38 40 71.5503
38 41 217.2069
38 42 6.1025
38 43 39.4486
38 44 216.885
38 45 290.6728
38 46 23.0363
38 47 38.6367
38 48 132.2514
38 49 175.7092
38 50 34.2814
38 51 50.9071
38 52 267.185
38 53 186.782
38 54 83.168
38 55 121.5835
38 56 294.3556
38 57 213.1491
38 58 163.2771
38 59 88.6574
38 60 47.6292
38 61 197.3818
38 62 264.4047
38 63 4.0407
38 64 199.0103
38 65 136.7706
38 66 243.7215
38 67 229.6696
38 68 87.7413
38 69 220.6082
38 70 290.9938
38 71 70.8549
38 72 146.4866
38 73 60.5265
38 74 23.7498
38 75 234.3278
38 76 43.7018
38 77 272.435
38 78 82.0824
38 79 42.5205
38 80 281.9284
38 81 177.9275
38 82 274.1294
38 83 241.4575
38 84 167.8028
38 85 81.028
38 86 198.1974
38 87 164.215
38 88 261.2171
38 89 295.5815
38 90 216.2394
38 91 188.7144
38 92 55.2044
38 93 141.5937
38 94 208.8741
38 95 12.549
38 96 55.159
38 97 28.3701
38 98 136.1505
38 99 147.2418
39 40 39.2595
39 41 81.4624
39 42 198.9444
39 43 118.4834
39 44 222.9017
39 45 143.8921
39 46 194.2403
39 47 60.9477
39 48 207.7663
39 49 88.3815
39 50 143.854
39 51 246.9754
39 52 95.1446
39 53 216.8819
39 54 120.9713
39 55 84.3956
39 56 74.8996
39 57 139.9207
39 58 146.2723
39 59 13.4037
39 60 296.2801
39 61 178.6871
39 62 80.6092
39 63 159.2629
39 64 104.0265
39 65 40.6866
39 66 159.6412
39 67 241.1159
39 68 194.449
39 69 62.924
39 70 223.5543
39 71 73.4534
39 72 171.4966
39 73 264.6087
39 74 225.5807
39 75 171.2323
39 76 192.6366
39 77 181.1094
39 78 87.7365
39 79 154.0303
39 80 242.0092
39 81 38.0188
39 82 31.595
39 83 250.6509
39 84 39.3033
39 85 275.3972
39 86 73.2775
39 87 130.6659
39 88 162.8735
39 89 264.4222
39 90 265.7754
39 91 117.6473
39 92 180.0347
39 93 82.551
39 94 274.7797
39 95 65.3721
39 96 135.3967
39 97 171.821
39 98 233.5438
39 99 223.9403
40 41 266.8951
40 42 131.237
40 43 80.3962
40 44 56.1364
40 45 98.7101
40 46 240.6636
40 47 34.4587
40 48 139.9461
40 49 44.5455
40 50 132.2141
40 51 145.7775
40 52 82.8025
40 53 123.5796
40 54 179.0675
40 55 83.1297
40 56 166.4688
40 57 286.386
40 58 112.7109
40 59 86.4654
40 60 243.4549
40 61 161.0113
40 62 290.6574
40 63 97.3761
40 64 72.371
40 65 36.91
40 66 128.1961
40 67 127.2901
40 68 171.878
40 69 244.7603
40 70 55.9901
40 71 35.1425
40 72 255.3073
40 73 200.6871
40 74 61.632
40 75 6.45
40 76 19.2122
40 77 18.7189
40 78 169.7533
40 79 75.6384
40 80 168.0899
40 81 215.4071
40 82 275.7069
40 83 264.826
40 84 201.5741
40 85 291.1352
40 86 178.807
40 87 194.4466
40 88 251.0868
40 89 253.8954
40 90 123.3095
40 91 175.6554
40 92 154.3796
40 93 119.4458
40 94 99.6602
40 95 44.0905
40 96 72.5244
40 97 267.8385
40 98 25.4549
40 99 204.0131
41 42 290.7709
41 43 229.4552
41 44 112.8391
41 45 29.5898
41 46 177.6718
41 47 236.7861
41 48 96.2342
41 49 161.8375
41 50 289.1647
41 51 90.7978
41 52 101.7822
41 53 206.8558
41 54 153.6988
41 55 22.4117
41 56 36.3092
41 57 12.5499
41 58 101.9915
41 59 115.5787
41 60 287.0255
41 61 105.023
41 62 220.8072
41 63 223.0034
41 64 100.5668
41 65 27.3023
41 66 297.2507
41 67 77.4612
41 68 242.7041
41 69 9.8971
41 70 18.6644
41 71 247.264
41 72 63.5127
41 73 216.5187
41 74 33.3235
41 75 26.7393
41 76 188.7537
41 77 7.8152
41 78 233.1724
41 79 20.5671
41 80 99.9128
41 81 111.24
41 82 71.1683
41 83 221.5679
41 84 48.0787
41 85 2.2079
41 86 137.7475
41 87 108.1259
41 88 158.1205
41 89 192.3756
41 90 142.8645
41 91 195.0779
41 92 57.7619
41 93 42.1037
41 94 266.1129
41 95 139.5821
41 96 108.7721
41 97 232.2018
41 98 117.0112
41 99 55.2066
42 43 19.3483
42 44 99.3886
42 45 147.0729
42 46 182.7429
42 47 219.9455
42 48 186.2883
42 49 203.679
42 50 235.355
42 51 278.1965
42 52 160.3704
42 53 132.2395
42 54 72.5404
42 55 107.2921
42 56 59.9214
42 57 224.0502
42 58 156.2732
42 59 263.0094
42 60 46.2711
42 61 13.3757
42 62 111.27
42 63 258.3068
42 64 99.2598
42 65 123.5486
42 66 167.5201
42 67 260.8423
42 68 196.3869
42 69 157.7279
42 70 37.8127
42 71 170.8749
42 72 101.924
42 73 155.0494
42 74 153.8739
42 75 62.7254
42 76 103.2047
42 77 222.7728
42 78 1.0912
42 79 227.6592
42 80 144.8909
42 81 185.0775
42 82 231.4052
42 83 21.8576
42 84 245.8826
42 85 149.5937
42 86 101.0439
42 87 179.4951
42 88 148.4732
42 89 57.6281
42 90 106.6787
42 91 166.5652
42 92 123.7702
42 93 107.7784
42 94 274.4522
42 95 222.3405
42 96 231.9392
42 97 227.8507
42 98 69.5943
42 99 220.1031
43 44 33.4811
43 45 175.2444
43 46 263.0793
43 47 78.095
43 48 296.9556
43 49 99.5306
43 50 205.6982
43 51 81.0554
43 52 56.7786
43 53 238.2344
43 54 141.2407
43 55 179.7082
43 56 298.6378
43 57 81.8003
43 58 261.3515
43 59 274.0796
43 60 144.862
43 61 44.9283
43 62 232.3288
43 63 100.2281
43 64 243.0095
43 65 53.5811
43 66 295.1542
43 67 101.9096
43 68 111.2299
43 69 184.0557
43 70 77.9366
43 71 185.4572
43 72 145.9303
43 73 203.9724
43 74 248.5811
43 75 172.1643
43 76 150.5836
43 77 208.0434
43 78 250.1881
43 79 166.0463
43 80 78.2693
43 81 261.2845
43 82 3.4408
43 83 25.6878
43 84 245.0413
43 85 274.8297
43 86 185.3631
43 87 290.5317
43 88 121.21
43 89 51.4719
43 90 255.0812
43 91 33.018
43 92 239.8655
43 93 51.4075
43 94 14.7909
43 95 275.1757
43 96 106.6015
43 97 204.2842
43 98 69.6926
43 99 103.8068
44 45 134.1367
44 46 277.778
44 47 58.4297
44 48 117.6109
44 49 140.2053
44 50 210.9449
44 51 146.6092
44 52 137.9067
44 53 123.5483
44 54 213.2008
44 55 60.1155
44 56 68.5157
44 57 258.3275
44 58 26.9634
44 59 89.9271
44 60 13.303
44 61 244.7467
44 62 207.6607
44 63 181.5885
44 64 218.6002
44 65 9.0612
44 66 136.6396
44 67 111.201
44 68 125.1896
44 69 7.8717
44 70 280.474
44 71 278.0362
44 72 29.5069
44 73 29.147
44 74 193.1832
44 75 262.7297
44 76 67.4646
44 77 130.9573
44 78 247.2674
44 79 54.7901
44 80 192.7002
44 81 289.2586
44 82 227.2973
44 83 149.5021
44 84 153.9113
44 85 255.8323
44 86 62.3732
44 87 298.8343
44 88 107.737
44 89 241.7046
44 90 282.9833
44 91 46.1239
44 92 213.2582
44 93 241.9873
44 94 160.4356
44 95 71.9811
44 96 110.8496
44 97 218.3725
44 98 189.2333
44 99 35.5842
45 46 160.2043
45 47 163.3138
45 48 223.7206
45 49 112.5097
45 50 28.6626
45 51 32.7792
45 52 219.9876
45 53 57.0582
45 54 41.9728
45 55 30.8122
45 56 3.0831
45 57 264.4099
45 58 193.5979
45 59 77.3194
45 60 137.0313
45 61 88.1806
45 62 55.4687
45 63 170.1604
45 64 81.0294
45 65 151.2193
45 66 264.5283
45 67 207.8062
45 68 112.4871
45 69 155.6351
45 70 166.7383
45 71 32.4274
45 72 14.5922
45 73 53.2784
45 74 62.8258
45 75 249.9035
45 76 249.668
45 77 149.6453
45 78 120.6784
45 79 218.9354
45 80 255.1152
45 81 137.7758
45 82 295.2067
45 83 84.7497
45 84 246.8904
45 85 99.7561
45 86 197.9721
45 87 119.3982
45 88 49.1362
45 89 90.2091
45 90 192.3477
45 91 80.926
45 92 91.8671
45 93 28.4645
45 94 258.4946
45 95 250.1381
45 96 119.8468
45 97 238.1068
45 98 204.5399
45 99 103.8175
46 47 212.2984
46 48 127.1445
46 49 105.5961
46 50 7.531
46 51 38.5243
46 52 130.5124
46 53 198.7404
46 54 90.0983
46 55 148.8488
46 56 216.6368
46 57 125.5381
46 58 13.2723
46 59 225.5187
46 60 261.9864
46 61 297.7617
46 62 265.7847
46 63 101.0293
46 64 57.2062
46 65 116.7571
46 66 293.6177
46 67 289.4225
46 68 97.8867
46 69 227.3086
46 70 105.3294
46 71 159.0852
46 72 52.5765
46 73 207.4965
46 74 26.0519
46 75 225.0357
46 76 118.214
46 77 278.1858
46 78 17.3978
46 79 166.7264
46 80 248.0238
46 81 212.7065
46 82 282.115
46 83 239.6362
46 84 5.8498
46 85 252.7898
46 86 140.3785
46 87 7.2734
46 88 81.8335
46 89 163.1107
46 90 75.2407
46 91 294.321
46 92 210.855
46 93 68.2421
46 94 63.8086
46 95 5.5261
46 96 297.4104
46 97 209.8488
46 98 262.7078
46 99 115.2873
47 48 122.3849
47 49 155.2215
47 50 140.7501
47 51 61.0464
47 52 148.2387
47 53 222.8724
47 54 20.7935
47 55 160.6484
47 56 239.9766
47 57 38.0011
47 58 260.1235
47 59 148.8863
47 60 40.2223
47 61 174.2926
47 62 151.802
47 63 60.0744
47 64 157.4917
47 65 44.3931
47 66 183.9409
47 67 153.3674
47 68 41.7757
47 69 93.8207
47 70 148.2384
47 71 135.2281
47 72 221.267
47 73 81.1831
47 74 203.4674
47 75 44.4658
47 76 270.3538
47 77 171.2622
47 78 259.6638
47 79 232.769
47 80 227.9855
47 81 237.6124
47 82 221.2271
47 83 110.3519
47 84 12.9868
47 85 119.3428
47 86 71.9998
47 87 88.3913
47 88 124.1838
47 89 71.8598
47 90 228.663
47 91 48.2538
47 92 249.9239
47 93 230.7122
47 94 61.5899
47 95 140.592
47 96 202.3313
47 97 157.921
47 98 136.145
47 99 36.7213
48 49 185.5039
48 50 94.1942
48 51 181.957
48 52 250.2975
48 53 208.9217
48 54 33.0999
48 55 250.5951
48 56 55.0311
48 57 68.6622
48 58 69.9103
48 59 268.1543
48 60 250.0982
48 61 120.9538
48 62 114.8752
48 63 245.2389
48 64 5.4561
48 65 166.6237
48 66 2.4385
48 67 79.6324
48 68 253.3957
48 69 236.0423
48 70 1.1523
48 71 5.9468
48 72 128.3205
48 73 36.5517
48 74 208.203
48 75 216.5518
48 76 289.8456
48 77 134.0089
48 78 187.9031
48 79 245.0932
48 80 286.266
48 81 292.9027
48 82 47.4073
48 83 214.2017
48 84 121.7404
48 85 66.722
48 86 151.5584
48 87 167.6005
48 88 216.7564
48 89 211.741
48 90 140.1799
48 91 45.7035
48 92 44.6244
48 93 203.2224
48 94 82.4242
48 95 75.4932
48 96 205.5535
48 97 133.5724
48 98 192.0811
48 99 119.3153
49 50 297.2754
49 51 189.0538
49 52 211.1943
49 53 65.6432
49 54 165.9454
49 55 108.4103
49 56 225.5666
49 57 194.0388
49 58 243.9291
49 59 174.4534
49 60 58.2932
49 61 126.8548
49 62 30.4994
49 63 274.2575
49 64 294.4307
49 65 200.8234
49 66 80.7519
49 67 41.176
49 68 161.1521
49 69 31.8525
49 70 243.0746
49 71 31.1356
49 72 215.0828
49 73 147.1792
49 74 131.6225
49 75 195.6139
49 76 186.752
49 77 220.1579
49 78 58.9002
49 79 29.5045
49 80 241.2377
49 81 237.4582
49 82 257.3789
49 83 159.3425
49 84 180.0215
49 85 126.6272
49 86 116.7194
49 87 198.1115
49 88 34.3788
49 89 25.898
49 90 185.3482
49 91 26.5583
49 92 125.4123
49 93 52.0988
49 94 296.9883
49 95 125.376
49 96 7.15
49 97 128.3597
49 98 167.8378
49 99 297.4709
50 51 235.7295
50 52 194.5756
50 53 106.5393
50 54 289.2504
50 55 200.8481
50 56 255.1866
50 57 27.8194
50 58 53.276
50 59 159.4324
50 60 251.364
50 61 160.6823
50 62 175.362
50 63 226.0169
50 64 157.5718
50 65 89.5838
50 66 225.8156
50 67 74.6243
50 68 39.2838
50 69 49.5353
50 70 47.061
50 71 230.8851
50 72 170.0901
50 73 109.2062
50 74 136.6602
50 75 143.0285
50 76 263.9932
50 77 41.8451
50 78 293.0731
50 79 234.6953
50 80 229.7075
50 81 55.2907
50 82 70.5734
50 83 8.9951
50 84 55.4742
50 85 233.3448
50 86 127.1687
50 87 236.3288
50 88 4.0351
50 89 137.2363
50 90 233.2068
50 91 131.2448
50 92 95.9708
50 93 235.3829
50 94 205.4576
50 95 223.1061
50 96 280.5821
50 97 170.688
50 98 67.8873
50 99 228.5762
51 52 226.9714
51 53 236.7909
51 54 226.9785
51 55 93.5222
51 56 67.61
51 57 195.1418
51 58 109.379
51 59 104.2924
51 60 179.6332
51 61 258.6111
51 62 19.2978
51 63 23.5571
51 64 160.2927
51 65 279.9431
51 66 6.1275
51 67 278.3897
51 68 261.528
51 69 13.0977
51 70 227.0973
51 71 222.7977
51 72 56.631
51 73 129.6777
51 74 201.0505
51 75 45.1118
51 76 136.0012
51 77 25.0788
51 78 226.1468
51 79 281.0945
51 80 266.076
51 81 225.3105
51 82 251.5392
51 83 194.4129
51 84 200.5401
51 85 1.6802
51 86 194.0007
51 87 199.3139
51 88 36.0174
51 89 90.434
51 90 295.9242
51 91 113.0424
51 92 266.3665
51 93 252.9242
51 94 33.1138
51 95 154.1685
51 96 128.021
51 97 233.5185
51 98 113.6221
51 99 210.7866
52 53 136.0205
52 54 160.925
52 55 295.2509
52 56 182.8964
52 57 250.9188
52 58 132.0234
52 59 64.1319
52 60 94.0575
52 61 129.9102
52 62 265.6355
52 63 26.7073
52 64 268.0671
52 65 149.8333
52 66 10.3296
52 67 171.3858
52 68 211.2111
52 69 258.4414
52 70 18.8741
52 71 263.7514
52 72 5.2461
52 73 93.7882
52 74 145.2553
52 75 124.5403
52 76 259.7419
52 77 46.0743
52 78 248.8452
52 79 176.4344
52 80 40.5987
52 81 154.4387
52 82 11.5729
52 83 118.6684
52 84 119.2281
52 85 148.3939
52 86 199.3084
52 87 227.8535
52 88 192.8785
52 89 187.6407
52 90 129.7898
52 91 9.4581
52 92 100.365
52 93 136.8622
52 94 31.0187
52 95 289.1356
52 96 127.9909
52 97 252.9117
52 98 172.605
52 99 122.6835
53 54 63.139
53 55 251.6449
53 56 119.7957
53 57 214.9135
53 58 288.2402
53 59 180.4789
53 60 70.1565
53 61 268.7426
53 62 287.0712
53 63 271.4535
53 64 56.6378
53 65 210.3223
53 66 231.7192
53 67 137.8785
53 68 196.0564
53 69 274.7196
53 70 45.1573
53 71 30.5064
53 72 85.9343
53 73 200.4352
53 74 120.718
53 75 87.5886
53 76 70.9124
53 77 171.9985
53 78 295.3031
53 79 163.4475
53 80 273.2511
53 81 7.5445
53 82 64.924
53 83 79.3452
53 84 206.8011
53 85 104.5598
53 86 210.1183
53 87 76.6301
53 88 281.7003
53 89 158.1678
53 90 189.0755
53 91 100.9386
53 92 232.8908
53 93 102.1483
53 94 136.3205
53 95 28.9479
53 96 122.9448
53 97 233.432
53 98 108.4707
53 99 16.0099
54 55 178.1882
54 56 118.8861
54 57 202.7274
54 58 270.882
54 59 152.9675
54 60 41.3622
54 61 156.6755
54 62 275.2735
54 63 147.7168
54 64 99.1947
54 65 50.9392
54 66 100.1482
54 67 16.6353
54 68 151.2211
54 69 83.9694
54 70 294.37
54 71 260.875
54 72 214.8119
54 73 49.8887
54 74 59.1385
54 75 189.9231
54 76 161.4895
54 77 8.5397
54 78 23.2088
54 79 156.0832
54 80 198.604
54 81 133.4648
54 82 6.312
54 83 271.5193
54 84 116.6031
54 85 16.0361
54 86 229.6077
54 87 57.6693
54 88 215.0082
54 89 265.1648
54 90 188.7661
54 91 203.1364
54 92 69.7827
54 93 131.321
54 94 61.9922
54 95 40.3128
54 96 70.8658
54 97 264.7777
54 98 204.655
54 99 215.3651
55 56 67.4268
55 57 6.2722
55 58 23.5294
55 59 123.7256
55 60 22.5782
55 61 77.3733
55 62 294.2062
55 63 269.5718
55 64 69.2269
55 65 264.301
55 66 180.1078
55 67 59.0839
55 68 59.9041
55 69 60.6502
55 70 159.5845
55 71 85.9973
55 72 132.6418
55 73 48.5414
55 74 164.0588
55 75 157.5574
55 76 287.4809
55 77 294.3928
55 78 276.8032
55 79 124.5381
55 80 39.9639
55 81 242.0159
55 82 136.9849
55 83 5.4334
55 84 272.752
55 85 122.7608
55 86 186.2797
55 87 197.3533
55 88 100.6878
55 89 33.7704
55 90 155.3074
55 91 85.2164
55 92 25.5486
55 93 6.7837
55 94 252.3172
55 95 221.9524
55 96 153.2528
55 97 107.3945
55 98 57.1868
55 99 262.5024
56 57 56.8917
56 58 128.1691
56 59 211.3408
56 60 201.9689
56 61 58.8391
56 62 90.871
56 63 39.2475
56 64 56.0083
56 65 146.8022
56 66 127.3091
56 67 261.1803
56 68 83.9909
56 69 174.8293
56 70 193.299
56 71 137.3292
56 72 239.1191
56 73 159.3162
56 74 28.0982
56 75 161.607
56 76 119.8413
56 77 136.9149
56 78 2.6435
56 79 30.099
56 80 200.4157
56 81 71.9495
56 82 234.7827
56 83 96.0684
56 84 7.2846
56 85 200.5946
56 86 76.5035
56 87 132.0269
56 88 202.0681
56 89 173.8316
56 90 139.2422
56 91 166.8166
56 92 96.8801
56 93 107.6255
56 94 223.5181
56 95 101.446
56 96 71.3541
56 97 213.634
56 98 190.4685
56 99 267.9971
57 58 47.2567
57 59 88.9468
57 60 209.7669
57 61 66.4297
57 62 108.0
57 63 176.8455
57 64 134.0139
57 65 267.9705
57 66 220.4224
57 67 95.3461
57 68 114.069
57 69 218.0188
57 70 111.704
57 71 36.1719
57 72 193.9941
57 73 219.5841
57 74 232.7165
57 75 203.5041
57 76 121.8105
57 77 56.7866
57 78 243.2948
57 79 46.2669
57 80 178.1798
57 81 68.1515
57 82 219.6128
57 83 60.254
57 84 92.9443
57 85 82.5372
57 86 205.6725
57 87 189.1005
57 88 54.956
57 89 232.6103
57 90 294.6389
57 91 250.8549
57 92 67.8172
57 93 91.2838
57 94 118.0722
57 95 77.4873
57 96 232.5772
57 97 97.2768
57 98 136.7011
57 99 116.9867
58 59 194.3263
58 60 217.2231
58 61 247.5945
58 62 214.5466
58 63 200.2237
58 64 126.6022
58 65 254.1208
58 66 93.6157
58 67 290.4805
58 68 10.1636
58 69 219.9269
58 70 83.1409
58 71 84.8518
58 72 45.063
58 73 62.4863
58 74 93.2599
58 75 121.3553
58 76 39.3768
58 77 269.8515
58 78 42.4077
58 79 22.0049
58 80 187.4361
58 81 21.4352
58 82 88.3879
58 83 118.3557
58 84 91.9539
58 85 27.0346
58 86 278.9107
58 87 76.1321
58 88 113.5908
58 89 72.8983
58 90 125.3398
58 91 161.5559
58 92 280.5654
58 93 114.3294
58 94 284.3561
58 95 291.1785
58 96 65.7174
58 97 268.3807
58 98 187.0791
58 99 6.9739
59 60 113.5665
59 61 58.7359
59 62 23.8581
59 63 106.1633
59 64 39.7758
59 65 292.1626
59 66 109.9062
59 67 245.7116
59 68 97.6215
59 69 238.6703
59 70 57.4895
59 71 8.3027
59 72 59.4166
59 73 160.0039
59 74 212.749
59 75 235.1931
59 76 99.3645
59 77 266.8657
59 78 190.0193
59 79 269.7011
59 80 14.9306
59 81 198.9009
59 82 105.147
59 83 77.1735
59 84 26.8041
59 85 171.8828
59 86 57.8088
59 87 172.3154
59 88 31.2705
59 89 147.0138
59 90 3.4387
59 91 167.0158
59 92 254.5167
59 93 119.1762
59 94 130.8306
59 95 147.7939
59 96 190.7459
59 97 119.188
59 98 253.4147
59 99 199.0591
60 61 185.5382
60 62 29.9124
60 63 125.7462
60 64 286.7772
60 65 128.3723
60 66 179.4675
60 67 267.104
60 68 180.5089
60 69 241.3932
60 70 150.0633
60 71 47.8865
60 72 26.1558
60 73 263.4029
60 74 97.1237
60 75 227.348
60 76 267.5955
60 77 60.8559
60 78 258.0133
60 79 257.9729
60 80 186.8062
60 81 135.4629
60 82 38.8637
60 83 200.1831
60 84 248.705
60 85 206.4139
60 86 156.3862
60 87 143.5123
60 88 72.3671
60 89 254.7268
60 90 8.9169
60 91 258.7919
60 92 257.6233
60 93 12.6877
60 94 151.6221
60 95 131.015
60 96 128.1147
60 97 50.5963
60 98 56.8898
60 99 258.1705
61 62 57.7854
61 63 262.948
61 64 137.4773
61 65 48.9787
61 66 157.4014
61 67 43.7075
61 68 264.8278
61 69 292.1802
61 70 123.4279
61 71 179.786
61 72 12.6521
61 73 260.9699
61 74 266.2652
61 75 137.0852
61 76 96.845
61 77 155.1331
61 78 296.0673
61 79 287.9893
61 80 113.2123
61 81 101.9762
61 82 171.5806
61 83 41.3649
61 84 104.8026
61 85 139.8798
61 86 198.9045
61 87 95.7162
61 88 60.2682
61 89 131.5447
61 90 298.3584
61 91 147.5226
61 92 31.8602
61 93 38.5464
61 94 176.5016
61 95 79.3542
61 96 62.8046
61 97 163.6229
61 98 30.7813
61 99 5.0236
62 63 172.5344
62 64 268.109
62 65 226.4809
62 66 157.4302
62 67 9.2752
62 68 47.133
62 69 165.1073
62 70 220.5021
62 71 109.4001
62 72 34.0164
62 73 194.0559
62 74 161.7465
62 75 17.355
62 76 107.2197
62 77 236.9701
62 78 236.9735
62 79 30.2349
62 80 103.6349
62 81 113.8197
62 82 195.3284
62 83 271.3836
62 84 49.171
62 85 175.2304
62 86 77.9053
62 87 244.7691
62 88 291.5787
62 89 257.5726
62 90 136.0766
62 91 296.8585
62 92 161.2072
62 93 106.1563
62 94 60.2454
62 95 263.9337
62 96 203.3019
62 97 279.0851
62 98 91.0127
62 99 276.1955
63 64 225.906
63 65 72.6549
63 66 208.5772
63 67 53.2693
63 68 20.3877
63 69 95.9497
63 70 250.936
63 71 224.3623
63 72 124.6468
63 73 280.3339
63 74 101.764
63 75 156.9497
63 76 282.8558
63 77 23.891
63 78 184.4713
63 79 284.5786
63 80 132.6667
63 81 148.9973
63 82 196.7855
63 83 126.0418
63 84 225.7799
63 85 191.6657
63 86 237.072
63 87 238.9584
63 88 16.4457
63 89 73.9998
63 90 259.8069
63 91 133.9184
63 92 81.2679
63 93 133.1428
63 94 140.1206
63 95 50.5321
63 96 17.0544
63 97 203.3258
63 98 20.2443
63 99 179.4799
64 65 95.0342
64 66 57.5033
64 67 106.7129
64 68 228.1054
64 69 39.5534
64 70 170.3919
64 71 280.6111
64 72 290.0669
64 73 218.5832
64 74 69.0092
64 75 238.1238
64 76 107.3534
64 77 45.282
64 78 215.6522
64 79 237.4861
64 80 52.5814
64 81 16.718
64 82 138.2823
64 83 239.2206
64 84 253.1817
64 85 160.155
64 86 270.4084
64 87 236.169
64 88 129.9878
64 89 16.0943
64 90 29.9821
64 91 49.0261
64 92 195.7001
64 93 124.385
64 94 254.801
64 95 247.9378
64 96 157.6868
64 97 137.6704
64 98 295.0157
64 99 280.2626
65 66 56.4551
65 67 75.1502
65 68 247.7763
65 69 287.0955
65 70 142.4691
65 71 184.5019
65 72 96.9975
65 73 235.8688
65 74 155.8587
65 75 185.9706
65 76 262.0971
65 77 58.7288
65 78 27.2115
65 79 150.4118
65 80 226.7048
65 81 54.608
65 82 115.6227
65 83 29.9024
65 84 24.6658
65 85 173.0283
65 86 145.9454
65 87 248.8823
65 88 213.3775
65 89 262.0062
65 90 112.0809
65 91 66.7871
65 92 118.9285
65 93 218.1137
65 94 259.4319
65 95 33.1564
65 96 264.0398
65 97 225.2885
65 98 201.4364
65 99 227.5582
66 67 299.9476
66 68 162.1847
66 69 191.9484
66 70 134.035
66 71 14.5394
66 72 95.233
66 73 174.4026
66 74 289.9462
66 75 255.4366
66 76 275.4744
66 77 143.9723
66 78 213.3261
66 79 276.3684
66 80 110.8419
66 81 54.2476
66 82 118.4324
66 83 54.3563
66 84 184.909
66 85 49.9282
66 86 165.6443
66 87 53.6398
66 88 75.477
66 89 222.1345
66 90 130.528
66 91 285.8115
66 92 130.7028
66 93 280.61
66 94 285.8467
66 95 56.703
66 96 291.6958
66 97 181.4649
66 98 67.2498
66 99 270.7229
67 68 60.0911
67 69 38.3257
67 70 212.0831
67 71 149.8193
67 72 173.3597
67 73 224.4298
67 74 102.2965
67 75 112.8046
67 76 18.2042
67 77 62.0819
67 78 28.5344
67 79 205.7194
67 80 69.7849
67 81 193.8424
67 82 262.9122
67 83 93.9081
67 84 125.0651
67 85 127.989
67 86 129.4889
67 87 274.743
67 88 144.9986
67 89 33.8654
67 90 295.9722
67 91 244.4927
67 92 59.4747
67 93 157.1553
67 94 237.0459
67 95 275.2394
67 96 147.2853
67 97 121.5654
67 98 252.0924
67 99 216.0639
68 69 221.605
68 70 73.2806
68 71 131.8918
68 72 255.2591
68 73 250.3095
68 74 14.871
68 75 104.4711
68 76 99.4954
68 77 126.2585
68 78 184.6066
68 79 62.9358
68 80 86.4392
68 81 54.7811
68 82 197.5657
68 83 107.5838
68 84 204.9553
68 85 9.7346
68 86 179.0446
68 87 252.1549
68 88 72.2939
68 89 133.7314
68 90 197.6684
68 91 127.7254
68 92 279.976
68 93 139.7641
68 94 245.2102
68 95 62.9949
68 96 150.777
68 97 102.7644
68 98 30.7921
68 99 73.9582
69 70 37.7527
69 71 156.1532
69 72 13.8837
69 73 247.7479
69 74 170.6337
69 75 240.4212
69 76 36.1152
69 77 51.9921
69 78 157.2265
69 79 232.1188
69 80 167.0674
69 81 299.3418
69 82 100.6408
69 83 155.7398
69 84 139.0084
69 85 257.0095
69 86 103.6086
69 87 243.8744
69 88 204.4375
69 89 75.7102
69 90 94.4739
69 91 129.0071
69 92 205.7417
69 93 118.1069
69 94 229.9107
69 95 234.5165
69 96 208.6072
69 97 118.5127
69 98 117.7424
69 99 203.4757
70 71 218.0545
70 72 135.2557
70 73 299.5954
70 74 232.4908
70 75 298.2741
70 76 248.9969
70 77 12.8128
70 78 73.7455
70 79 107.2923
70 80 118.1793
70 81 145.23
70 82 46.5311
70 83 33.6818
70 84 165.5992
70 85 177.3148
70 86 213.9899
70 87 55.2166
70 88 272.616
70 89 122.7785
70 90 172.9464
70 91 265.2513
70 92 78.1954
70 93 130.4206
70 94 4.5577
70 95 228.2063
70 96 197.3174
70 97 38.0317
70 98 174.6676
70 99 148.5134
71 72 272.4043
71 73 292.719
71 74 153.547
71 75 121.4582
71 76 105.3201
71 77 270.3928
71 78 208.0899
71 79 174.5912
71 80 189.4849
71 81 119.8341
71 82 290.3899
71 83 14.1068
71 84 178.3907
71 85 116.9758
71 86 85.4444
71 87 283.6153
71 88 299.2766
71 89 264.2228
71 90 105.437
71 91 188.0003
71 92 245.5177
71 93 171.9403
71 94 282.5834
71 95 47.6513
71 96 130.7801
71 97 39.3985
71 98 87.05
71 99 228.009
72 73 82.9967
72 74 240.2251
72 75 140.3406
72 76 176.0415
72 77 148.9198
72 78 86.4468
72 79 17.7582
72 80 153.5895
72 81 97.2538
72 82 247.9513
72 83 259.1604
72 84 262.7851
72 85 76.753
72 86 168.1262
72 87 65.9114
72 88 153.0161
72 89 182.2767
72 90 197.7132
72 91 65.1916
72 92 123.4901
72 93 117.5863
72 94 130.6193
72 95 258.4496
72 96 203.557
72 97 257.1996
72 98 59.7401
72 99 98.9081
73 74 145.4973
73 75 149.192
73 76 104.5377
73 77 197.4425
73 78 131.2945
73 79 27.7195
73 80 30.8431
73 81 48.1248
73 82 216.4048
73 83 265.8199
73 84 247.6613
73 85 282.7086
73 86 263.0304
73 87 163.6508
73 88 10.0914
73 89 147.3765
73 90 160.7462
73 91 154.7887
73 92 183.3911
73 93 20.6518
73 94 273.1289
73 95 50.4183
73 96 166.9902
73 97 221.4446
73 98 27.5241
73 99 146.6851
74 75 125.4491
74 76 289.9838
74 77 212.8109
74 78 20.2342
74 79 199.6002
74 80 240.2446
74 81 186.6759
74 82 67.1367
74 83 119.7384
74 84 177.9806
74 85 31.981
74 86 192.3825
74 87 214.4667
74 88 50.6475
74 89 224.3915
74 90 85.893
74 91 9.9003
74 92 282.5229
74 93 12.8281
74 94 277.6914
74 95 45.6896
74 96 55.1359
74 97 255.4243
74 98 134.5863
74 99 145.7791
75 76 88.8476
75 77 55.6729
75 78 21.3481
75 79 298.8621
75 80 12.6784
75 81 248.7468
75 82 1.3682
75 83 11.1043
75 84 224.8727
75 85 33.0962
75 86 66.3026
75 87 219.412
75 88 264.0834
75 89 48.1854
75 90 284.9341
75 91 48.6039
75 92 120.8625
75 93 30.1399
75 94 114.12
75 95 100.427
75 96 200.2284
75 97 35.4734
75 98 161.9033
75 99 24.1042
76 77 170.3221
76 78 176.2556
76 79 188.8876
76 80 111.241
76 81 116.077
76 82 91.9514
76 83 29.3327
76 84 232.1311
76 85 271.3387
76 86 196.4693
76 87 205.7652
76 88 76.3989
76 89 253.4661
76 90 138.1974
76 91 10.7589
76 92 289.8918
76 93 51.4471
76 94 123.3261
76 95 99.1112
76 96 160.5378
76 97 37.198
76 98 203.7608
76 99 249.7091
77 78 244.3036
77 79 158.0971
77 80 269.0
77 81 88.3911
77 82 68.4836
77 83 14.2369
77 84 131.2583
77 85 296.1562
77 86 242.2366
77 87 282.7405
77 88 277.2209
77 89 237.6913
77 90 16.2289
77 91 42.3298
77 92 110.5335
77 93 221.7554
77 94 247.715
77 95 275.5437
77 96 15.2157
77 97 161.6274
77 98 111.6368
77 99 180.5019
78 79 63.1119
78 80 52.6406
78 81 211.1194
78 82 31.4144
78 83 85.2841
78 84 279.7355
78 85 235.9131
78 86 234.5877
78 87 82.0344
78 88 119.4232
78 89 118.1975
78 90 143.9812
78 91 21.6424
78 92 165.5852
78 93 91.4775
78 94 275.5123
78 95 91.2483
78 96 94.5956
78 97 281.6812
78 98 167.7728
78 99 122.2911
79 80 62.5459
79 81 114.7719
79 82 195.3891
79 83 199.408
79 84 268.8791
79 85 251.6382
79 86 13.8179
79 87 112.3925
79 88 85.3164
79 89 258.9668
79 90 98.7952
79 91 209.3352
79 92 141.7407
79 93 204.4955
79 94 160.0541
79 95 166.2504
79 96 31.9678
79 97 212.6548
79 98 195.4123
79 99 122.5271
80 81 196.3076
80 82 21.7247
80 83 95.1783
80 84 91.0848
80 85 120.8978
80 86 203.7056
80 87 144.8734
80 88 184.5352
80 89 240.6856
80 90 188.9523
80 91 185.842
80 92 270.108
80 93 7.3113
80 94 274.952
80 95 52.0007
80 96 98.9752
80 97 154.5482
80 98 19.2136
80 99 189.5115
81 82 294.3731
81 83 281.3119
81 84 87.4086
81 85 128.7356
81 86 165.3143
81 87 32.001
81 88 173.0061
81 89 88.9169
81 90 283.5782
81 91 142.1352
81 92 38.7634
81 93 250.5946
81 94 279.3747
81 95 207.5995
81 96 91.355
81 97 52.5381
81 98 66.7758
81 99 235.9639
82 83 42.5731
82 84 93.4396
82 85 59.1041
82 86 244.8007
82 87 190.1886
82 88 68.539
82 89 163.477
82 90 185.2273
82 91 109.9677
82 92 73.14
82 93 120.6755
82 94 264.1263
82 95 100.6336
82 96 151.97
82 97 32.2192
82 98 51.5307
82 99 239.9382
83 84 130.7689
83 85 192.5724
83 86 66.3507
83 87 184.967
83 88 279.6702
83 89 250.9651
83 90 86.7451
83 91 298.7978
83 92 173.2639
83 93 55.7508
83 94 114.2693
83 95 119.7459
83 96 41.6854
83 97 250.6263
83 98 114.0151
83 99 125.4432
84 85 208.2635
84 86 268.9215
84 87 243.2529
84 88 182.3412
84 89 149.0628
84 90 100.6717
84 91 78.7174
84 92 173.9302
84 93 293.1483
84 94 269.2607
84 95 115.5862
84 96 138.5474
84 97 109.8345
84 98 79.5972
84 99 290.2039
85 86 153.2039
85 87 33.6838
85 88 174.1908
85 89 5.3453
85 90 38.9469
85 91 122.7873
85 92 127.4041
85 93 9.967
85 94 133.6383
85 95 248.7092
85 96 200.3844
85 97 163.2911
85 98 190.7704
85 99 76.4449
86 87 241.2334
86 88 87.3621
86 89 192.0441
86 90 280.2339
86 91 134.1321
86 92 48.8692
86 93 185.3498
86 94 71.051
86 95 266.3949
86 96 217.9829
86 97 151.1936
86 98 88.1878
86 99 209.4716
87 88 85.6228
87 89 143.4375
87 90 36.3526
87 91 126.5492
87 92 133.21
87 93 68.6474
87 94 224.4455
87 95 195.0297
87 96 92.8785
87 97 103.8027
87 98 151.6474
87 99 240.8498
88 89 279.6791
88 90 223.1681
88 91 37.5209
88 92 57.298
88 93 263.2386
88 94 89.3484
88 95 58.7649
88 96 170.3624
88 97 14.1281
88 98 233.8565
88 99 42.6313
89 90 13.0856
89 91 224.9418
89 92 44.13
89 93 70.8359
89 94 236.0686
89 95 195.3861
89 96 52.8291
89 97 130.726
89 98 262.1632
89 99 108.813
90 91 77.3502
90 92 93.2361
90 93 24.22
90 94 182.714
90 95 103.1455
90 96 5.9966
90 97 248.2068
90 98 73.1351
90 99 272.7199
91 92 45.2891
91 93 129.9544
91 94 175.4944
91 95 222.1209
91 96 267.0279
91 97 15.5827
91 98 223.8549
91 99 17.5548
92 93 6.1541
92 94 98.7253
92 95 106.414
92 96 107.1546
92 97 261.5764
92 98 149.3539
92 99 232.2561
93 94 60.9089
93 95 21.6905
93 96 141.4167
93 97 218.3374
93 98 6.572
93 99 60.0185
94 95 93.1507
94 96 81.4746
94 97 42.0097
94 98 88.2736
94 99 159.7086
95 96 209.724
95 97 227.3294
95 98 102.1696
95 99 58.6249
96 97 262.1221
96 98 140.9538
96 99 262.2541
97 98 128.619
97 99 198.71
98 99 267.8201
