NAME : st70.dat
NODES : 70
TYPE : SYMMETRIC
NODE1 NODE2 TIME
0 1 59.20304046246274
0 2 73.17103251970687
0 3 54.589376255824725
0 4 33.12099032335839
0 5 53.33854141237835
0 6 64.28841264178172
0 7 80.4114419718985
0 8 80.52949770115296
0 9 36.40054944640259
0 10 60.40695324215582
0 11 57.0087712549569
0 12 14.560219778561036
0 13 88.0
0 14 49.8196748283246
0 15 8.602325267042627
0 16 65.55150646628954
0 17 56.142675390472796
0 18 68.0294054067798
0 19 95.02105029939419
0 20 64.07027391856539
0 21 25.942243542145693
0 22 8.54400374531753
0 23 51.03920062069938
0 24 105.39449701004318
0 25 81.32035415564789
0 26 93.40770846134703
0 27 84.01190391843289
0 28 14.142135623730951
0 29 93.43446901438462
0 30 19.697715603592208
0 31 68.59300255857006
0 32 60.14149981501958
0 33 64.63745044476924
0 34 32.57299494980466
0 35 4.242640687119285
0 36 20.615528128088304
0 37 18.601075237738275
0 38 95.2102935611481
0 39 89.55445270895244
0 40 58.855755878248644
0 41 60.00833275470999
0 42 66.09841147864296
0 43 78.91767862779544
0 44 97.94386147176351
0 45 99.00505037623081
0 46 12.529964086141668
0 47 65.7419196555744
0 48 90.80198235721508
0 49 30.479501308256342
0 50 43.829214001622255
0 51 41.86884283091664
0 52 33.95585369269929
0 53 67.80117993073571
0 54 95.2732911156112
0 55 52.80151512977634
0 56 43.829214001622255
0 57 21.2602916254693
0 58 26.248809496813376
0 59 50.20956084253277
0 60 87.66413177577246
0 61 77.98717843338096
0 62 30.01666203960727
0 63 55.14526271584895
0 64 49.040799340956916
0 65 30.675723300355934
0 66 60.8276253029822
0 67 78.64477096412705
0 68 21.470910553583888
0 69 20.09975124224178
1 2 19.4164878389476
1 3 8.54400374531753
1 4 42.5205832509386
1 5 22.360679774997898
1 6 5.0990195135927845
1 7 22.02271554554524
1 8 52.49761899362675
1 9 47.20169488482379
1 10 81.8413098624405
1 11 52.392747589718944
1 12 53.03772242470448
1 13 34.88552708502482
1 14 23.430749027719962
1 15 56.859475903318
1 16 40.19950248448356
1 17 12.041594578792296
1 18 13.0
1 19 42.04759208325728
1 20 52.15361924162119
1 21 34.23448553724738
1 22 50.695167422546305
1 23 19.849433241279208
1 24 80.23091673413684
1 25 22.135943621178654
1 26 58.309518948453004
1 27 26.1725046566048
1 28 55.036351623268054
1 29 43.829214001622255
1 30 49.040799340956916
1 31 13.038404810405298
1 32 62.0966987850401
1 33 53.150729063673246
1 34 49.33558553417604
1 35 61.39218191268331
1 36 54.405882034941776
1 37 42.2965719651132
1 38 74.72616676907762
1 39 63.56886030125127
1 40 26.019223662515376
1 41 17.26267650163207
1 42 36.49657518178932
1 43 35.0
1 44 72.80109889280519
1 45 64.66065264130884
1 46 50.99019513592785
1 47 80.05623023850174
1 48 31.622776601683793
1 49 53.75872022286245
1 50 66.2872536767062
1 51 49.73932046178355
1 52 33.94112549695428
1 53 71.80529228406496
1 54 36.71511950137164
1 55 72.94518489934754
1 56 22.847319317591726
1 57 53.600373133029585
1 58 37.013511046643494
1 59 55.154328932550705
1 60 65.25335240430181
1 61 75.23961722390672
1 62 31.016124838541646
1 63 93.60555539069249
1 64 76.27581530209953
1 65 28.635642126552707
1 66 75.76938695805846
1 67 37.73592452822641
1 68 47.095647357266465
1 69 55.14526271584895
2 3 19.235384061671343
2 4 48.75448697299562
2 5 22.825424421026653
2 6 16.278820596099706
2 7 11.661903789690601
2 8 39.0
2 9 51.62363799656123
2 10 81.5659242576212
2 11 48.82622246293481
2 12 69.58448102845921
2 13 15.811388300841896
2 14 42.80186911806539
2 15 69.05070600652827
2 16 31.38470965295043
2 17 17.029386365926403
2 18 25.495097567963924
2 19 23.08679276123039
2 20 45.617978911828175
2 21 50.48762224545735
2 22 65.03076195155643
2 23 39.20459156782532
2 24 64.76109943476871
2 25 18.681541692269406
2 26 41.43669871020132
2 27 12.806248474865697
2 28 71.56814934033156
2 29 24.413111231467404
2 30 66.2872536767062
2 31 6.4031242374328485
2 32 58.52349955359813
2 33 46.51881339845203
2 34 68.15423684555495
2 35 76.02631123499285
2 36 63.56886030125127
2 37 58.309518948453004
2 38 61.1310068623117
2 39 49.25444142409901
2 40 21.213203435596427
2 41 14.317821063276353
2 42 26.92582403567252
2 43 17.72004514666935
2 44 57.87054518492115
2 45 47.53945729601885
2 46 62.96824596572466
2 47 77.6659513557904
2 48 25.238858928247925
2 49 59.941638282582836
2 50 68.8839603971781
2 51 52.009614495783374
2 52 42.05948168962618
2 53 67.11929677819934
2 54 33.12099032335839
2 55 73.55270219373317
2 56 42.05948168962618
2 57 62.625873247404705
2 58 54.3415126767741
2 59 54.48853090330111
2 60 52.009614495783374
2 61 67.67569726275453
2 62 48.05205510693585
2 63 97.6165969494942
2 64 78.64477096412705
2 65 44.28317965096906
2 66 74.2024258363566
2 67 21.37755832643195
2 68 64.53681120105021
2 69 72.56721022610694
3 4 34.655446902326915
3 5 14.035668847618199
3 6 12.041594578792296
3 7 25.96150997149434
3 8 46.09772228646444
3 9 39.05124837953327
3 10 73.35529974037323
3 11 43.93176527297759
3 12 50.35871324805669
3 13 34.92849839314596
3 14 27.459060435491963
3 15 51.24451190127583
3 16 32.7566787083184
3 17 4.47213595499958
3 18 21.540659228538015
3 19 42.20189569201838
3 20 44.01136216933077
3 21 31.25699921617557
3 22 46.2709412050371
3 23 24.186773244895647
3 24 74.24284477308234
3 25 28.30194339616981
3 26 53.41348144429457
3 27 29.427877939124322
3 28 52.3450093132096
3 29 42.5440947723653
3 30 47.07440918375928
3 31 14.035668847618199
3 32 53.600373133029585
3 33 45.0111097397076
3 34 49.64876634922564
3 35 57.21887800367987
3 36 47.50789408087881
3 37 39.11521443121589
3 38 68.00735254367721
3 39 57.271284253105414
3 40 18.439088914585774
3 41 10.816653826391969
3 42 29.410882339705484
3 43 31.240998703626616
3 44 66.64082832618455
3 45 59.81638571495272
3 46 45.221676218380054
3 47 71.5122367151245
3 48 37.589892258425
3 49 46.010868281309364
3 50 58.008620049092706
3 51 41.340053217188775
3 52 26.40075756488817
3 53 63.34824385884742
3 54 43.60045871318328
3 55 64.4980619863884
3 56 24.758836806279895
3 57 46.647615158762406
3 58 35.17101079013795
3 59 46.61544808322666
3 60 58.52349955359813
3 61 67.06713054842886
3 62 28.861739379323623
3 63 85.63293758829018
3 64 68.00735254367721
3 65 25.079872407968907
3 66 67.23094525588644
3 67 33.24154027718932
3 68 45.35416188179427
3 69 53.36665625650534
4 5 26.0
4 6 46.66904755831214
4 7 58.83026432033091
4 8 47.53945729601885
4 9 6.0
4 10 41.97618372363071
4 11 24.839484696748443
4 12 39.05124837953327
4 13 61.1310068623117
4 14 48.05205510693585
4 15 25.632011235952593
4 16 32.984845004941285
4 17 33.60059523282288
4 18 55.0
4 19 67.468511173732
4 20 31.240998703626616
4 21 28.635642126552707
4 22 28.319604517012593
4 23 46.84015371452148
4 24 72.42237223399962
4 25 62.625873247404705
4 26 60.728905802755904
4 27 61.29437168288782
4 28 40.36087214122113
4 29 64.38167441127949
4 30 39.96248240537617
4 31 46.32493928760188
4 32 30.463092423455635
4 33 31.89043743820395
4 34 50.695167422546305
4 35 37.21558813185679
4 36 16.0
4 37 30.4138126514911
4 38 62.48199740725323
4 39 56.43580423808985
4 40 29.614185789921695
4 41 34.438350715445125
4 42 34.23448553724738
4 43 49.16299421312742
4 44 64.89992295835181
4 45 66.12866246946176
4 46 20.591260281974
4 47 43.0
4 48 71.61005515987263
4 49 11.40175425099138
4 50 24.698178070456937
4 51 11.40175425099138
4 52 8.94427190999916
4 53 39.84971769034255
4 54 78.10249675906654
4 55 32.7566787083184
4 56 41.593268686170845
4 57 15.0
4 58 34.20526275297414
4 59 20.248456731316587
4 60 54.644304369257
4 61 48.30113870293329
4 62 31.144823004794873
4 63 51.088159097779204
4 64 34.438350715445125
4 65 26.0
4 66 38.01315561749642
4 67 48.0
4 68 39.824615503479755
4 69 45.0
5 6 24.698178070456937
5 7 33.421549934136806
5 8 34.40930106817051
5 9 28.844410203711913
5 10 60.74537019394976
5 11 30.083217912982647
5 12 52.92447448959697
5 13 35.510561809129406
5 14 39.56008088970496
5 15 48.010415536631214
5 16 19.697715603592208
5 17 10.44030650891055
5 18 35.17101079013795
5 19 42.190046219457976
5 20 30.0
5 21 34.9857113690718
5 22 45.89117562233506
5 23 36.68787265568828
5 24 62.68173577685928
5 25 38.28837943815329
5 26 44.04543109109048
5 27 35.510561809129406
5 28 54.78138369920935
5 29 40.11234224026316
5 30 51.0
5 31 21.213203435596427
5 32 39.84971769034255
5 33 31.0
5 34 56.72741841473134
5 35 56.71860364994893
5 36 41.23105625617661
5 37 41.6293165929973
5 38 55.46169849544819
5 39 45.48626166217664
5 40 6.4031242374328485
5 41 8.602325267042627
5 42 17.204650534085253
5 43 25.709920264364882
5 44 54.91812087098393
5 45 50.32891812864648
5 46 42.0
5 47 58.180752831155424
5 48 46.69047011971501
5 49 37.12142238654117
5 50 46.66904755831214
5 51 29.698484809834994
5 52 20.09975124224178
5 53 49.47726750741192
5 54 53.81449618829484
5 55 52.20153254455275
5 56 35.35533905932738
5 57 40.26164427839479
5 58 40.22437072223753
5 59 33.61547262794322
5 60 46.06517122512408
5 61 53.03772242470448
5 62 34.20526275297414
5 63 75.16648189186454
5 64 56.586217403180434
5 65 28.844410203711913
5 66 54.120236510939236
5 67 26.0
5 68 49.73932046178355
5 69 57.245087125446844
6 7 17.11724276862369
6 8 52.172789842982326
6 9 51.088159097779204
6 10 85.0881895447306
6 11 54.70831746635972
6 12 58.077534382926416
6 13 31.064449134018133
6 14 26.92582403567252
6 15 61.84658438426491
6 16 41.012193308819754
6 17 14.317821063276353
6 18 11.0
6 19 38.07886552931954
6 20 53.75872022286245
6 21 39.319206502675
6 22 55.78530272392541
6 23 23.323807579381203
6 24 79.37883848986453
6 25 17.08800749063506
6 26 56.79788728465171
6 27 21.37755832643195
6 28 60.07495318350236
6 29 40.45985664828782
6 30 54.00925846556311
6 31 10.0
6 32 64.51356446515724
6 33 54.74486277268398
6 34 53.85164807134504
6 35 66.49060083951716
6 36 59.07622195096772
6 37 47.38143096192854
6 38 74.52516353554684
6 39 63.06346010171025
6 40 27.294688127912362
6 41 18.110770276274835
6 42 37.013511046643494
6 43 33.12099032335839
6 44 72.12489168102785
6 45 63.06346010171025
6 46 55.94640292279746
6 47 82.85529554590944
6 48 26.570660511172846
6 49 58.0
6 50 70.0
6 51 53.25410782277739
6 52 38.28837943815329
6 53 74.04052944165107
6 54 31.906112267087632
6 55 76.32168761236873
6 56 27.202941017470888
6 57 58.249463516842795
6 58 42.0
6 59 58.137767414994535
6 60 65.11528238439882
6 61 76.79192665899195
6 62 36.05551275463989
6 63 97.67292357659824
6 64 80.0
6 65 33.734255586866
6 66 78.7210264160726
6 67 36.24913792078372
6 68 52.03844732503075
6 69 60.07495318350236
7 8 49.36598018878993
7 9 62.20128616033595
7 10 93.08598175880189
7 11 60.4648658313239
7 12 75.0066663703967
7 13 17.4928556845359
7 14 43.08131845707603
7 15 77.20103626247513
7 16 42.95346318982906
7 17 25.495097567963924
7 18 21.400934559032695
7 19 23.345235059857504
7 20 57.245087125446844
7 21 56.08029957123981
7 22 72.00694410957877
7 23 39.56008088970496
7 24 73.55270219373317
7 25 8.06225774829855
7 26 49.64876634922564
7 27 4.47213595499958
7 28 77.00649323271382
7 29 27.784887978899608
7 30 71.06335201775947
7 31 12.529964086141668
7 32 70.178344238091
7 33 58.137767414994535
7 34 70.83078426785913
7 35 82.87339742040264
7 36 72.91776189653656
7 37 64.1248781675256
7 38 71.02816342831905
7 39 59.00847396772772
7 40 32.64965543462902
7 41 24.839484696748443
7 42 38.48376280978771
7 43 27.018512172212592
7 44 67.11929677819934
7 45 55.31726674375732
7 46 71.16881339463234
7 47 89.30845424706443
7 48 13.601470508735444
7 49 70.178344238091
7 50 79.98124780221924
7 51 63.0317380372777
7 52 51.42956348249516
7 53 78.77182237323191
7 54 21.470910553583888
7 55 84.95881355103778
7 56 44.14748010928823
7 57 72.01388754955533
7 58 59.033888572581766
7 59 65.94694837519019
7 60 62.20128616033595
7 61 79.12016177940993
7 62 53.0
7 63 108.57716150277645
7 64 89.8276126811795
7 65 50.24937810560445
7 66 85.80209787645055
7 67 31.064449134018133
7 68 69.1158447825099
7 69 77.1621668954417
8 9 45.60701700396552
8 10 57.77542730261716
8 11 28.0178514522438
8 12 84.0535543567314
8 13 37.16180835212409
8 14 73.35529974037323
8 15 73.16419889536138
8 16 15.620499351813308
8 17 41.6293165929973
8 18 62.96824596572466
8 19 38.8329756778952
8 20 20.09975124224178
8 21 67.94115100585212
8 22 74.79304780526061
8 23 70.21395872616783
8 24 28.30194339616981
8 25 57.21887800367987
8 26 14.0
8 27 48.05205510693585
8 28 85.70297544426332
8 29 32.01562118716424
8 30 83.24061508662703
8 31 43.289721643826724
8 32 33.52610922848042
8 33 20.223748416156685
8 34 90.52071586106685
8 35 84.52810183601665
8 36 62.6418390534633
8 37 73.40980860893181
8 38 22.360679774997898
8 39 11.180339887498949
8 40 28.30194339616981
8 41 35.4682957019364
8 42 17.204650534085253
8 43 22.561028345356956
8 44 20.591260281974
8 45 18.681541692269406
8 46 68.0294054067798
8 47 50.60632371551998
8 48 61.61168720299745
8 49 54.12947441089743
8 50 53.23532661682466
8 51 41.593268686170845
8 52 47.70744176750625
8 53 37.73592452822641
8 54 69.85699678629192
8 55 52.88667128870941
8 56 69.6419413859206
8 57 61.68468205316454
8 58 73.55270219373317
8 59 37.013511046643494
8 60 13.038404810405298
8 61 33.301651610693426
8 62 67.89698078707183
8 63 79.81227975693966
8 64 60.41522986797286
8 65 62.22539674441618
8 66 49.24428900898052
8 67 18.439088914585774
8 68 82.3286098510111
8 69 89.20201791439474
9 10 36.138621999185304
9 11 20.615528128088304
9 12 43.829214001622255
9 13 62.96824596572466
9 14 53.9351462406472
9 15 28.30194339616981
9 16 32.0624390837628
9 17 37.48332962798263
9 18 59.90826320300064
9 19 68.96375859826666
9 20 27.784887978899608
9 21 34.52535300326414
9 22 32.64965543462902
9 23 52.630789467763066
9 24 69.1158447825099
9 25 66.52818951391959
9 26 59.22837157984339
9 27 64.35060217278468
9 28 45.0
9 29 65.30696746902278
9 30 45.17742799230607
9 31 49.8196748283246
9 32 25.059928172283335
9 33 28.30194339616981
9 34 56.302753041036986
9 35 40.607881008493905
9 36 17.08800749063506
9 37 35.84689665786984
9 38 58.82176467941097
9 39 53.71219600798314
9 40 31.38470965295043
9 41 37.44329045369811
9 42 34.058772731852805
9 43 50.00999900019995
9 44 61.773780845922005
9 45 64.28841264178172
9 46 24.08318915758459
9 47 37.0
9 48 75.28612089887484
9 49 9.055385138137417
9 50 19.235384061671343
9 51 5.830951894845301
9 52 14.560219778561036
9 53 34.17601498127012
9 54 82.07313811473277
9 55 26.92582403567252
9 56 47.51841748206689
9 57 16.15549442140351
9 58 40.024992192379
9 59 14.7648230602334
9 60 51.478150704935004
9 61 43.04648650006177
9 62 37.12142238654117
9 63 46.66904755831214
9 64 29.154759474226502
9 65 32.0
9 66 32.01562118716424
9 67 48.373546489791295
9 68 45.18849411078001
9 69 49.92995093127971
10 11 33.301651610693426
10 12 72.78049189171504
10 13 88.72992730753249
10 14 90.02777349240623
10 15 52.20153254455275
10 16 52.630789467763066
10 17 70.83078426785913
10 18 94.81033698917012
10 19 93.00537618869137
10 20 39.11521443121589
10 21 69.06518659932803
10 22 61.18823416311342
10 23 88.76936408468859
10 24 68.00735254367721
10 25 98.812954616285
10 26 70.83784299369935
10 27 94.17536832951598
10 28 73.24616030891995
10 29 87.36704184073076
10 30 75.95393340703298
10 31 81.60882305241266
10 32 24.698178070456937
10 33 38.58756276314948
10 34 88.56635930193812
10 35 64.25729530566937
10 36 41.593268686170845
10 37 68.18357573492314
10 38 57.0087712549569
10 39 59.43904440685432
10 40 60.440052945046304
10 41 68.81860213634101
10 42 56.72741841473134
10 43 73.40980860893181
10 44 63.198101237299845
10 45 73.24616030891995
10 46 51.78802950489621
10 47 9.219544457292887
10 48 106.66770832824712
10 49 34.0
10 50 18.0
10 51 32.31098884280702
10 52 50.695167422546305
10 53 21.213203435596427
10 54 114.20157617125956
10 55 9.219544457292887
10 56 83.54639429682169
10 57 41.43669871020132
10 58 74.0
10 59 27.202941017470888
10 60 54.91812087098393
10 61 31.064449134018133
10 62 72.24956747275377
10 63 24.08318915758459
10 64 11.661903789690601
10 65 67.60177512462228
10 66 8.54400374531753
10 67 70.21395872616783
10 68 76.6550715869472
10 69 79.07591289387686
11 12 63.89053137985315
11 13 55.44366510251645
11 14 66.27216610312357
11 15 48.82622246293481
11 16 19.4164878389476
11 17 40.52159917870962
11 18 65.25335240430181
11 19 59.90826320300064
11 20 8.06225774829855
11 21 51.894122981316485
11 22 53.03772242470448
11 23 64.07027391856539
11 24 48.76474136094644
11 25 66.73080248281148
11 26 42.01190307520001
11 27 61.220911460055866
11 28 65.19202405202648
11 29 54.589376255824725
11 30 64.63745044476924
11 31 49.64876634922564
11 32 9.848857801796104
11 33 8.246211251235321
11 34 74.70609078247904
11 35 61.220911460055866
11 36 37.21558813185679
11 37 54.91812087098393
11 38 38.27531841800928
11 39 34.20526275297414
11 40 28.178005607210743
11 41 37.16180835212409
11 42 23.430749027719962
11 43 40.22437072223753
11 44 41.6293165929973
11 45 46.17358552246078
11 46 44.68780594300866
11 47 28.844410203711913
11 48 74.06078584514209
11 49 27.730849247724095
11 50 25.317977802344327
11 51 15.264337522473747
11 52 29.546573405388315
11 53 19.4164878389476
11 54 81.83520025025906
11 55 26.419689627245813
11 56 60.67124524847005
11 57 36.359317925395686
11 58 57.697486947006624
11 59 9.0
11 60 31.38470965295043
11 61 24.73863375370596
11 62 53.48831648126533
11 63 52.92447448959697
11 64 33.24154027718932
11 65 47.75981574503821
11 66 25.495097567963924
11 67 37.21558813185679
11 68 64.35060217278468
11 69 69.81403870282824
12 13 85.15867542417507
12 14 38.91015291668744
12 15 21.02379604162864
12 16 68.5054742338158
12 17 52.952809179494906
12 18 59.665735560705194
12 19 92.39588735436226
12 20 70.00714249274856
12 21 19.1049731745428
12 22 11.704699910719626
12 23 40.85339643163099
12 24 110.63453348751464
12 25 74.54528824815154
12 26 95.88013350011565
12 27 79.00632886041473
12 28 2.0
12 29 91.92388155425118
12 30 5.656854249492381
12 31 64.19501538281614
12 32 68.79680225126747
12 33 70.7248188403477
12 34 18.027756377319946
12 35 13.038404810405298
12 36 31.32091952673165
12 37 11.40175425099138
12 38 101.13851887386922
12 39 94.02127418834527
12 40 59.09314681077663
12 41 57.97413216254298
12 42 68.09552114493287
12 43 78.43468620451031
12 44 102.9417310909429
12 45 101.87246929372037
12 46 21.18962010041709
12 47 77.1621668954417
12 48 83.86298349093002
12 49 40.311288741492746
12 50 55.362442142665635
12 51 49.64876634922564
12 52 36.40054944640259
12 53 77.41446893184762
12 54 87.32124598286491
12 55 64.5600495662759
12 56 33.83784863137726
12 57 31.622776601683793
12 58 16.278820596099706
12 59 58.52349955359813
12 60 92.84934033152847
12 61 86.82165628459296
12 62 22.02271554554524
12 63 69.46221994724903
12 64 61.814237842102365
12 65 25.317977802344327
12 66 72.11102550927978
12 67 78.92401408950256
12 68 7.810249675906654
12 69 6.324555320336759
13 14 57.982756057296896
13 15 83.2946576918352
13 16 36.124783736376884
13 17 32.2490309931942
13 18 38.2099463490856
13 19 7.280109889280518
13 20 50.20956084253277
13 21 66.09841147864296
13 22 80.05623023850174
13 23 54.378304497290095
13 24 58.0
13 25 25.079872407968907
13 26 34.0147027033899
13 27 13.92838827718412
13 28 87.13208364316786
13 29 10.295630140987
13 30 82.0
13 31 21.93171219946131
13 32 64.38167441127949
13 33 50.93132631298737
13 34 83.93449827097318
13 35 91.0494371207203
13 36 76.68767828015137
13 37 73.824115301167
13 38 57.0701322935211
13 39 45.12205669071391
13 40 31.622776601683793
13 41 28.0178514522438
13 42 32.01562118716424
13 43 15.620499351813308
13 44 52.23983154643591
13 45 39.11521443121589
13 46 77.23341245859851
13 47 83.43860018001261
13 48 26.019223662515376
13 49 71.78439941937245
13 50 78.39005038906404
13 51 62.16912416947821
13 52 55.57877292636101
13 53 71.58910531638176
13 54 34.0147027033899
13 55 81.60882305241266
13 56 57.697486947006624
13 57 75.7099729229908
13 58 70.09279563550022
13 59 62.68173577685928
13 60 49.040799340956916
13 61 69.6419413859206
13 62 63.788713735268246
13 63 107.18675291284833
13 64 87.66413177577246
13 65 59.841457201508724
13 66 80.72174428244226
13 67 19.4164878389476
13 68 80.2807573457052
13 69 88.29496021857646
14 15 50.99019513592785
14 16 59.23681287847955
14 17 31.906112267087632
14 18 23.194827009486403
14 19 65.0
14 20 68.4470598345904
14 21 24.839484696748443
14 22 41.773197148410844
14 23 3.605551275463989
14 24 101.59724405711013
14 25 39.81205847478876
14 26 80.80222769206304
14 27 47.53945729601885
14 28 40.718546143004666
14 29 67.20119046564577
14 30 33.61547262794322
14 31 36.40054944640259
14 32 75.02666192761077
14 33 69.42621983083913
14 34 29.0
14 35 50.47771785649585
14 36 53.71219600798314
14 37 31.240998703626616
14 38 94.93682109698007
14 39 84.53401682163222
14 40 45.18849411078001
14 41 38.27531841800928
14 42 56.36488268416781
14 43 58.05170109479997
14 44 93.94147114027967
14 45 87.20091742636656
14 46 46.400431032480725
14 47 90.55385138137417
14 48 48.25971404805462
14 49 57.245087125446844
14 50 72.53275122315436
14 51 58.42088667591412
14 52 39.45883931389772
14 53 85.0235261559999
14 54 50.08991914547278
14 55 80.8084154033477
14 56 6.708203932499369
14 57 53.23532661682466
14 58 23.600847442411894
14 59 66.06814663663572
14 60 85.492689745966
14 61 90.79647570252934
14 62 20.615528128088304
14 63 96.15092303249095
14 64 81.9084855189009
14 65 23.259406699226016
14 66 85.70880934886448
14 67 60.440052945046304
14 68 31.38470965295043
14 69 38.600518131237564
15 16 58.52349955359813
15 17 52.172789842982326
15 18 66.88796603276258
15 19 90.13878188659973
15 20 56.08029957123981
15 21 26.1725046566048
15 22 10.44030650891055
15 23 51.62363799656123
15 24 97.41663102366043
15 25 78.92401408950256
15 26 86.33075929238663
15 27 80.52328855678958
15 28 21.213203435596427
15 29 88.02272433866155
15 30 25.179356624028344
15 31 65.0
15 32 51.62363799656123
15 33 56.60388679233962
15 34 38.3275357934736
15 35 12.806248474865697
15 36 12.041594578792296
15 37 20.591260281974
15 38 87.09190547921202
15 39 81.8413098624405
15 40 53.08483775994799
15 41 55.326304774492215
15 42 59.43904440685432
15 43 73.17103251970687
15 44 90.0499861188218
15 45 91.76055797563569
15 46 6.082762530298219
15 47 57.271284253105414
15 48 88.3911760301898
15 49 21.93171219946131
15 50 35.34119409414458
15 51 33.60059523282288
15 52 28.0178514522438
15 53 59.20304046246274
15 54 93.47192091746055
15 55 44.384682042344295
15 56 44.553338819890925
15 57 12.727922061357855
15 58 28.30194339616981
15 59 41.773197148410844
15 60 79.75587752636166
15 61 69.42621983083913
15 62 30.4138126514911
15 63 48.83646178829912
15 64 41.0
15 65 29.410882339705484
15 66 52.32590180780452
15 67 72.56031973468694
15 68 26.476404589747453
15 69 27.16615541441225
16 17 28.442925306655784
16 18 52.009614495783374
16 19 40.496913462633174
16 20 14.422205101855956
16 21 52.3450093132096
16 22 59.481089431852205
16 23 56.302753041036986
16 24 43.41658669218482
16 25 49.9799959983992
16 26 27.85677655436824
16 27 43.04648650006177
16 28 70.178344238091
16 29 35.34119409414458
16 30 67.62396025078685
16 31 33.734255586866
16 32 28.284271247461902
16 33 15.264337522473747
16 34 75.0066663703967
16 35 69.46221994724903
16 36 48.662100242385755
16 37 57.8013840664737
16 38 35.77708763999664
16 39 26.248809496813376
16 40 14.317821063276353
16 41 23.021728866442675
16 42 4.47213595499958
16 43 20.808652046684813
16 44 35.608987629529715
16 45 33.54101966249684
16 46 53.14132102234569
16 47 47.4236228055175
16 48 56.356011214421486
16 49 41.012193308819754
16 50 43.657759905886145
16 51 29.154759474226502
16 52 32.2490309931942
16 53 36.05551275463989
16 54 64.40496875241847
16 55 45.79301256742124
16 56 55.00909015790027
16 57 47.67598976424087
16 58 57.982756057296896
16 59 27.313000567495326
16 60 26.419689627245813
16 61 36.40054944640259
16 62 52.40229002629561
16 63 72.01388754955533
16 64 52.32590180780452
16 65 46.69047011971501
16 66 44.598206241955516
16 67 17.88854381999832
16 68 66.70832032063167
16 69 73.60027173862879
17 18 24.73863375370596
17 19 39.45883931389772
17 20 40.11234224026316
17 21 33.95585369269929
17 22 48.010415536631214
17 23 28.653097563788805
17 24 69.77105417004964
17 25 29.068883707497267
17 26 49.040799340956916
17 27 28.460498941515414
17 28 54.91812087098393
17 29 39.21734310225516
17 30 50.0
17 31 13.0
17 32 50.28916384272063
17 33 41.10960958218893
17 34 53.33854141237835
17 35 59.00847396772772
17 36 47.4236228055175
17 37 41.593268686170845
17 38 63.56886030125127
17 39 52.80151512977634
17 40 14.142135623730951
17 41 6.4031242374328485
17 42 25.0
17 43 27.202941017470888
17 44 62.16912416947821
17 45 55.44366510251645
17 46 46.09772228646444
17 47 68.54195795277518
17 48 38.01315561749642
17 49 45.0
17 50 56.08029957123981
17 51 39.20459156782532
17 52 25.942243542145693
17 53 59.90826320300064
17 54 44.598206241955516
17 55 62.12889826803627
17 56 29.0
17 57 46.51881339845203
17 58 38.27531841800928
17 59 43.829214001622255
17 60 54.08326913195984
17 61 63.198101237299845
17 62 31.953090617340916
17 63 84.1486779456457
17 64 66.06814663663572
17 65 27.65863337187866
17 66 64.40496875241847
17 67 29.0
17 68 48.38388161361178
17 69 56.32051136131489
18 19 44.598206241955516
18 20 64.6297145282261
18 21 42.15447781671598
18 22 59.50630218724736
18 23 20.024984394500787
18 24 89.8443097808648
18 25 16.76305461424021
18 26 66.85057965343307
18 27 25.80697580112788
18 28 61.61168720299745
18 29 48.27007354458868
18 30 54.91812087098393
18 31 19.924858845171276
18 32 75.0
18 33 65.62011886609167
18 34 52.08646657242167
18 35 69.6419413859206
18 36 65.85590330410783
18 37 49.9799959983992
18 38 85.32877591996736
18 39 73.7563556583431
18 40 38.2099463490856
18 41 29.068883707497267
18 42 48.010415536631214
18 43 43.08131845707603
18 44 82.71033792700887
18 45 73.00684899377592
18 46 61.29437168288782
18 47 93.04837451562494
18 48 25.079872407968907
18 49 66.06814663663572
18 50 79.07591289387686
18 51 62.64982043070834
18 52 46.22769732530488
18 53 84.64632301523794
18 54 27.65863337187866
18 55 85.88364221433555
18 56 26.1725046566048
18 57 65.11528238439882
18 58 43.41658669218482
18 59 68.15423684555495
18 60 75.95393340703298
18 61 87.69264507357501
18 62 38.27531841800928
18 63 106.04244433244644
18 64 89.04493247793498
18 65 37.589892258425
18 66 88.76936408468859
18 67 46.486557196677836
18 68 52.773099207835045
18 69 60.530983801686226
19 20 54.037024344425184
19 21 73.348483283569
19 22 87.14355971613737
19 23 61.40032573203501
19 24 56.43580423808985
19 25 30.23243291566195
19 26 32.984845004941285
19 27 19.209372712298546
19 28 94.36630754670864
19 29 7.280109889280518
19 30 89.26925562588724
19 31 29.154759474226502
19 32 68.41052550594829
19 33 54.67174773134658
19 34 91.18113840043894
19 35 98.12746812182611
19 36 83.18653737234169
19 37 81.04936767180853
19 38 56.92099788303083
19 39 45.31004303683677
19 40 37.8549864614954
19 41 35.014282800023196
19 42 36.71511950137164
19 43 19.72308292331602
19 44 51.419840528729765
19 45 37.21558813185679
19 46 84.09518416651456
19 47 87.20665112249179
19 48 29.120439557122072
19 49 77.88452991448301
19 50 83.6301381082203
19 51 67.77905281132217
19 52 62.289646009589745
19 53 74.96665925596525
19 54 36.49657518178932
19 55 86.28441342444185
19 56 64.88451279003334
19 57 82.20097323024831
19 58 77.3692445355388
19 59 67.60177512462228
19 60 49.658836071740545
19 61 72.00694410957877
19 62 71.06335201775947
19 63 112.29425630903836
19 64 92.66067126888301
19 65 67.08203932499369
19 66 84.81155581640984
19 67 22.80350850198276
19 68 87.55569655939013
19 69 95.56673061269805
20 21 56.60388679233962
20 22 59.54829972383762
20 23 65.92419889539804
20 24 41.340053217188775
20 25 64.07807737440318
20 26 34.058772731852805
20 27 57.4543296888929
20 28 71.42128534267638
20 29 48.25971404805462
20 30 70.2922470831599
20 31 47.43416490252569
20 32 14.422205101855956
20 33 1.0
20 34 79.61155694998057
20 35 68.24221567329127
20 36 44.721359549995796
20 37 60.440052945046304
20 38 31.240998703626616
20 39 26.248809496813376
20 40 26.476404589747453
20 41 35.6931365951495
20 42 18.867962264113206
20 43 34.655446902326915
20 44 34.0
20 45 38.118237105091836
20 46 51.61395160225576
20 47 33.24154027718932
20 48 70.71067811865476
20 49 35.4682957019364
20 50 33.13608305156178
20 51 22.847319317591726
20 52 34.40930106817051
20 53 21.633307652783937
20 54 78.71467461661771
20 55 33.24154027718932
20 56 63.324560795950255
20 57 43.829214001622255
20 58 62.433965115151864
20 59 17.029386365926403
20 60 23.706539182259394
20 61 23.08679276123039
20 62 57.706152185014034
20 63 60.08327554319921
20 64 40.52159917870962
20 65 51.884487084291386
20 66 30.805843601498726
20 67 31.240998703626616
20 68 69.81403870282824
20 69 75.7429864739964
21 22 17.4928556845359
21 23 25.495097567963924
21 24 95.524865872714
21 25 56.089214649520635
21 26 78.81624198095213
21 27 60.00833275470999
21 28 21.095023109728988
21 29 73.08214556237385
21 30 16.15549442140351
21 31 45.09988913511872
21 32 58.82176467941097
21 33 57.4543296888929
21 34 23.021728866442675
21 35 27.51363298439521
21 36 29.732137494637012
21 37 8.06225774829855
21 38 86.83317338436964
21 39 78.49203781276162
21 40 41.340053217188775
21 41 39.21734310225516
21 42 51.22499389946279
21 43 60.00833275470999
21 44 87.72684879784524
21 45 85.0
21 46 21.633307652783937
21 47 71.25307010929424
21 48 65.5133574166368
21 49 35.12833614050059
21 50 51.088159097779204
21 51 40.024992192379
21 52 22.360679774997898
21 53 68.41052550594829
21 54 69.57010852370435
21 55 60.00833275470999
21 56 18.384776310850235
21 57 29.410882339705484
21 58 5.830951894845301
21 59 48.76474136094644
21 60 77.98717843338096
21 61 76.32168761236873
21 62 4.242640687119285
21 63 72.2357252334328
21 64 59.682493245507096
21 65 6.324555320336759
21 66 66.18912297349165
21 67 60.8276253029822
21 68 14.7648230602334
21 69 22.47220505424423
22 23 42.80186911806539
22 24 100.60318086422517
22 25 72.80109889280519
22 26 87.23531395025755
22 27 75.66372975210778
22 28 12.529964086141668
22 29 85.84287972802403
22 30 15.0
22 31 60.29925372672534
22 32 57.42821606144492
22 33 60.207972893961475
22 34 28.071337695236398
22 35 11.0
22 36 19.6468827043885
22 37 10.63014581273465
22 38 90.78546139112804
22 39 84.31488599292535
22 40 51.66236541235796
22 41 52.15361924162119
22 42 59.61543424315552
22 43 71.58910531638176
22 44 93.00537618869137
22 45 93.02150289046077
22 46 9.486832980505138
22 47 65.45991139621256
22 48 82.28000972289685
22 49 28.635642126552707
22 50 43.68065933568311
22 51 38.41874542459709
22 52 27.313000567495326
22 53 65.86349520030045
22 54 86.7294644281861
22 55 52.88667128870941
22 56 35.608987629529715
22 57 19.924858845171276
22 58 18.439088914585774
22 59 47.20169488482379
22 60 82.80096617793781
22 61 75.45197147855052
22 62 21.633307652783937
22 63 59.22837157984339
22 64 50.35871324805669
22 65 22.135943621178654
22 66 60.40695324215582
22 67 71.56814934033156
22 68 16.1245154965971
22 69 18.027756377319946
23 24 98.41239759298622
23 25 36.49657518178932
23 26 77.42092740338364
23 27 44.01136216933077
23 28 42.720018726587654
23 29 63.60031446463138
23 30 35.73513677041127
23 31 32.802438933713454
23 32 73.00684899377592
23 33 66.91038783328041
23 34 32.0624390837628
23 35 51.97114584074513
23 36 53.53503525729669
23 37 32.449961479175904
23 38 91.92388155425118
23 39 81.39410298049853
23 40 42.15447781671598
23 41 34.9857113690718
23 42 53.31041174104736
23 43 54.56189146281496
23 44 90.78546139112804
23 45 83.81527307120105
23 46 46.75467891024384
23 47 88.95504482602435
23 48 45.09988913511872
23 49 56.462376853972415
23 50 71.47027354082255
23 51 56.88585061331157
23 52 38.07886552931954
23 53 83.00602387778854
23 54 47.265209192385896
23 55 79.55501241279521
23 56 7.211102550927978
23 57 53.0
23 58 25.059928172283335
23 59 64.28063471995279
23 60 82.46211251235322
23 61 88.45903006477066
23 62 21.2602916254693
23 63 95.77055915050303
23 64 80.99382692526635
23 65 23.021728866442675
23 66 84.17244204607586
23 67 57.0087712549569
23 68 33.52610922848042
23 69 41.0
24 25 81.61494961096282
24 26 24.020824298928627
24 27 71.17583859709698
24 28 112.16059914247963
24 29 49.25444142409901
24 30 110.34491379306978
24 31 69.92138442565336
24 32 49.040799340956916
24 33 40.8166632639171
24 34 118.3427226321923
24 35 109.55363982999378
24 36 85.95929269136641
24 37 100.44899203078147
24 38 11.180339887498949
24 39 17.204650534085253
24 40 56.60388679233962
24 41 63.50590523722971
24 42 45.48626166217664
24 43 47.07440918375928
24 44 7.810249675906654
24 45 19.235384061671343
24 46 92.91393867445294
24 47 59.00847396772772
24 48 84.00595217006948
24 49 76.47875521999558
24 50 70.60453243241541
24 51 64.00781202322104
24 52 74.33034373659252
24 53 47.16990566028302
24 54 92.00543462209176
24 55 66.75327707311455
24 56 97.94386147176351
24 57 85.0881895447306
24 58 101.23734488813898
24 59 56.859475903318
24 60 17.804493814764857
24 61 37.013511046643494
24 62 95.77577981932593
24 63 92.04890004774636
24 64 74.81310045707235
24 65 90.02777349240623
24 66 60.13318551349163
24 67 43.41658669218482
24 68 109.60383204979651
24 69 116.10340218959993
25 26 57.706152185014034
25 27 11.180339887498949
25 28 76.53103945458993
25 29 35.34119409414458
25 30 70.178344238091
25 31 17.204650534085253
25 32 76.53757247260981
25 33 65.0
25 34 68.46897107449476
25 35 83.43260753446461
25 36 75.8023746329889
25 37 64.13267497929586
25 38 79.00632886041473
25 39 67.0
25 40 38.58756276314948
25 41 30.0
25 42 45.5411901469428
25 43 35.0
25 44 75.16648189186454
25 45 63.34824385884742
25 46 73.00684899377592
25 47 95.524865872714
25 48 9.486832980505138
25 49 74.02702209328699
25 50 84.8999411071645
25 51 67.94115100585212
25 52 54.644304369257
25 53 85.42833253669417
25 54 15.556349186104045
25 55 90.4267659490264
25 56 42.04759208325728
25 57 74.94664769020693
25 58 58.309518948453004
25 59 71.61005515987263
25 60 70.11419257183242
25 61 86.33075929238663
25 62 52.61178575186362
25 63 113.17243480636087
25 64 94.847245611035
25 65 50.695167422546305
25 66 91.80958555619343
25 67 39.01281840626232
25 68 68.11754546370561
25 69 76.05918747922567
26 27 47.16990566028302
26 28 97.6165969494942
26 29 25.709920264364882
26 30 94.57801012920498
26 31 47.01063709417264
26 32 47.07440918375928
26 33 34.132096331752024
26 34 100.7670581092849
26 35 97.30878685915265
26 36 76.15773105863909
26 37 84.90583018850944
26 38 24.166091947189145
26 39 13.45362404707371
26 40 37.64306044943742
26 41 42.638011210655684
26 42 27.784887978899608
26 43 23.769728648009426
26 44 18.439088914585774
26 45 6.4031242374328485
26 46 80.99382692526635
26 47 63.15853069855251
26 48 60.0
26 49 67.89698078707183
26 50 67.1863081289633
26 51 55.44366510251645
26 52 59.93329625508679
26 53 50.15974481593781
26 54 68.0294054067798
26 55 66.49060083951716
26 56 77.98717843338096
26 57 75.18643494673756
26 58 84.20213774008353
26 59 51.0098029794274
26 60 18.384776310850235
26 61 43.829214001622255
26 62 78.24321056807422
26 63 93.39164844888434
26 64 74.14849964766651
26 65 72.80109889280519
26 66 62.297672508690084
26 67 20.591260281974
26 68 93.47726996441435
26 69 100.70253224224304
27 28 81.00617260431454
27 29 24.166091947189145
27 30 75.16648189186454
27 31 15.524174696260024
27 32 70.80254232723568
27 33 58.309518948453004
27 34 75.18643494673756
27 35 86.57944328765345
27 36 75.76938695805846
27 37 68.0294054067798
27 38 69.26037828369117
27 39 57.21887800367987
27 40 33.97057550292606
27 41 26.92582403567252
27 42 38.58756276314948
27 43 25.495097567963924
27 44 65.0
27 45 52.61178575186362
27 46 74.46475676452586
27 47 90.0
27 48 13.601470508735444
27 49 72.56031973468694
27 50 81.68843247363729
27 51 64.81512169239521
27 52 54.230987451824994
27 53 79.07591289387686
27 54 21.840329667841555
27 55 86.2670273047588
27 56 48.507731342539614
27 57 74.84650960465692
27 58 63.12685640834652
27 59 67.17886572427373
27 60 60.67124524847005
27 61 78.79086241436883
27 62 57.0350769263968
27 63 110.42191811411355
27 64 91.43850392476902
27 65 54.08326913195984
27 66 86.68333173107735
27 67 29.614185789921695
27 68 73.24616030891995
27 69 81.30190649671138
28 29 93.86160024205851
28 30 7.211102550927978
28 31 66.18912297349165
28 32 69.8927750200262
28 33 72.12489168102785
28 34 18.788294228055936
28 35 12.083045973594572
28 36 31.953090617340916
28 37 13.341664064126334
28 38 102.59142264341595
28 39 95.60334722173695
28 40 60.92618484691127
28 41 59.90826320300064
28 42 69.83552104767315
28 43 80.32434251209281
28 44 104.48444860360799
28 45 103.58571330062848
28 46 21.93171219946131
28 47 77.83315488916018
28 48 85.84287972802403
28 49 41.14608122288197
28 50 55.97320787662612
28 51 50.80354318352215
28 52 38.01315561749642
28 53 78.39005038906404
28 54 89.26925562588724
28 55 65.14598989960932
28 56 35.73513677041127
28 57 32.31098884280702
28 58 18.24828759089466
28 59 59.64059020499378
28 60 94.36630754670864
28 61 87.92041856133307
28 62 24.020824298928627
28 63 69.26037828369117
28 64 62.16912416947821
28 65 27.294688127912362
28 66 72.80109889280519
28 67 80.77747210701756
28 68 9.433981132056603
28 69 6.0
29 30 89.1852005660132
29 31 30.805843601498726
29 32 62.68173577685928
29 33 48.82622246293481
29 34 92.13576938409967
29 35 96.74709297958259
29 36 80.30566605165541
29 37 80.52328855678958
29 38 49.64876634922564
29 39 38.07886552931954
29 40 35.014282800023196
29 41 33.95585369269929
29 42 31.953090617340916
29 43 15.297058540778355
29 44 44.14748010928823
29 45 30.066592756745816
29 46 82.05485969764375
29 47 81.21576201698781
29 48 35.510561809129406
29 49 74.33034373659252
29 50 78.92401408950256
29 51 63.60031446463138
29 52 60.00833275470999
29 53 68.76772498781678
29 54 43.18564576337837
29 55 81.00617260431454
29 56 66.37017402418047
29 57 79.30952023559341
29 58 77.4919350642375
29 59 62.64982043070834
29 60 42.485291572496
29 61 65.29931086925804
29 62 71.16881339463234
29 63 107.35455276791944
29 64 87.66413177577246
29 65 66.76076692189807
29 66 79.05694150420949
29 67 17.46424919657298
29 68 87.5956619930462
29 69 95.50916186418976
30 31 60.67124524847005
30 32 70.2353187506115
30 33 71.06335201775947
30 34 13.152946437965905
30 35 18.601075237738275
30 36 34.36568055487916
30 37 9.899494936611665
30 38 101.17806086301516
30 39 93.50935782048768
30 40 57.30619512757761
30 41 55.362442142665635
30 42 66.85057965343307
30 43 76.15773105863909
30 44 102.59142264341595
30 45 100.68763578513501
30 46 24.186773244895647
30 47 79.81227975693966
30 48 79.40403012442127
30 49 42.720018726587654
30 50 58.249463516842795
30 51 51.0
30 52 36.069377593742864
30 53 79.20227269466452
30 54 82.56512580987206
30 55 67.468511173732
30 56 28.861739379323623
30 57 34.52535300326414
30 58 12.041594578792296
30 59 59.941638282582836
30 60 92.63368717696602
30 61 88.19297024139736
30 62 18.24828759089466
30 63 73.97972695272672
30 64 65.27633568147036
30 65 22.47220505424423
30 66 74.72616676907762
30 67 76.92203845452875
30 68 2.23606797749979
30 69 6.324555320336759
31 32 59.481089431852205
31 33 48.38388161361178
31 34 62.03224967708329
31 35 71.25307010929424
31 36 60.41522986797286
31 37 53.03772242470448
31 38 65.62011886609167
31 39 53.9351462406472
31 40 21.470910553583888
31 41 12.806248474865697
31 42 29.427877939124322
31 43 23.259406699226016
31 44 62.81719509815764
31 45 53.225933528685054
31 46 58.9406481131655
31 47 78.39005038906404
31 48 25.495097567963924
31 49 57.688820407423826
31 50 67.88225099390856
31 51 50.91168824543142
31 52 38.91015291668744
31 53 68.54195795277518
31 54 32.64965543462902
31 55 73.24616030891995
31 56 35.77708763999664
31 57 59.50630218724736
31 58 48.662100242385755
31 59 54.405882034941776
31 60 56.32051136131489
31 61 70.09279563550022
31 62 42.42640687119285
31 63 96.33275663033837
31 64 77.79460135510689
31 65 39.01281840626232
31 66 74.62573282722254
31 67 26.570660511172846
31 68 58.855755878248644
31 69 66.91038783328041
32 33 13.892443989449804
32 34 81.15417426109393
32 35 64.38167441127949
32 36 39.59797974644666
32 37 60.83584469702052
32 38 37.94733192202055
32 39 37.0
32 40 38.01315561749642
32 41 47.01063709417264
32 42 32.55764119219941
32 43 48.91829923454004
32 44 42.7551166528639
32 45 50.24937810560445
32 46 48.41487374764082
32 47 19.209372712298546
32 48 83.7615663654877
32 49 29.698484809834994
32 50 21.587033144922902
32 51 19.235384061671343
32 52 36.87817782917155
32 53 10.0
32 54 91.58602513484249
32 55 19.4164878389476
32 56 69.18092222571191
32 57 38.897300677553446
32 58 64.51356446515724
32 59 10.295630140987
32 60 33.13608305156178
32 61 18.027756377319946
32 62 60.876925020897694
32 63 46.32493928760188
32 64 27.16615541441225
32 65 55.31726674375732
32 66 16.401219466856727
32 67 45.60701700396552
32 68 70.21395872616783
32 69 74.94664769020693
33 34 80.45495634204272
33 35 68.81860213634101
33 36 45.17742799230607
33 37 61.220911460055866
33 38 30.610455730027933
33 39 25.96150997149434
33 40 27.459060435491963
33 41 36.6742416417845
33 42 19.72308292331602
33 43 35.35533905932738
33 44 33.54101966249684
33 45 38.05259518088089
33 46 52.20153254455275
33 47 32.55764119219941
33 48 71.58910531638176
33 49 35.84689665786984
33 50 33.06055050963308
33 51 23.259406699226016
33 52 35.22782990761707
33 53 20.808652046684813
33 54 79.60527620704548
33 55 32.89376840679705
33 56 64.28841264178172
33 57 44.294469180700204
33 58 63.28506932918696
33 59 17.11724276862369
33 60 23.259406699226016
33 61 22.090722034374522
33 62 58.59180830116101
33 63 59.77457653551382
33 64 40.26164427839479
33 65 52.773099207835045
33 66 30.23243291566195
33 67 31.89043743820395
33 68 70.60453243241541
33 69 76.48529270389177
34 35 30.870698080866262
34 36 47.095647357266465
34 37 20.615528128088304
34 38 109.80892495603443
34 39 101.23734488813898
34 40 63.12685640834652
34 41 59.36328831862332
34 42 73.55270219373317
34 43 80.45495634204272
34 44 110.5350623105628
34 45 107.05606008068857
34 46 37.013511046643494
34 47 91.98369420718001
34 48 77.1621668954417
34 49 54.91812087098393
34 50 70.71067811865476
34 51 62.03224967708329
34 52 45.27692569068709
34 53 90.47651629014017
34 54 79.05694150420949
34 55 79.90619500389191
34 56 26.68332812825267
34 57 47.16990566028302
34 58 17.204650534085253
34 59 70.9365914038728
34 60 100.89598604503551
34 61 98.89893831583835
34 62 22.627416997969522
34 63 87.13208364316786
34 64 78.10249675906654
34 65 28.319604517012593
34 66 86.88498144098322
34 67 81.8413098624405
34 68 12.0
34 69 13.601470508735444
35 36 24.839484696748443
35 37 19.697715603592208
35 38 99.40321926376429
35 39 93.64827814754524
35 40 62.369864518050704
35 41 63.12685640834652
35 42 69.8927750200262
35 43 82.37718130647589
35 44 102.08329931972223
35 45 102.95630140987001
35 46 16.64331697709324
35 47 69.77105417004964
35 48 92.89241088485109
35 49 34.713109915419565
35 50 47.885279575251516
35 51 46.09772228646444
35 52 37.64306044943742
35 53 72.00694410957877
35 54 97.082439194738
35 55 56.79788728465171
35 56 44.77722635447622
35 57 25.495097567963924
35 58 26.92582403567252
35 59 54.45181356024793
35 60 91.80958555619343
35 61 82.21921916437786
35 62 31.38470965295043
35 63 58.008620049092706
35 64 52.81098370604357
35 65 32.7566787083184
35 66 64.88451279003334
35 67 82.22530024268686
35 68 20.615528128088304
35 69 17.72004514666935
36 37 27.073972741361768
36 38 75.47184905645283
36 39 70.77428911688199
36 40 45.39823785126467
36 41 49.33558553417604
36 42 50.15974481593781
36 43 65.12296062065974
36 44 78.71467461661771
36 45 81.32035415564789
36 46 10.198039027185569
36 47 45.880278987817846
36 48 85.0881895447306
36 49 9.899494936611665
36 50 24.041630560342615
36 51 21.95449840010015
36 52 21.540659228538015
36 53 47.20169488482379
36 54 90.97252332435328
36 55 33.24154027718932
36 56 47.01063709417264
36 57 1.0
36 58 33.734255586866
36 59 29.832867780352597
36 60 68.42514157822401
36 61 57.38466694161429
36 62 33.61547262794322
36 63 42.5440947723653
36 64 31.016124838541646
36 65 30.528675044947494
36 66 40.85339643163099
36 67 64.0
36 68 35.12833614050059
36 69 37.64306044943742
37 38 91.28526715741155
37 39 83.6301381082203
37 40 47.853944456021594
37 41 46.57252408878007
37 42 57.14017850864661
37 43 67.06713054842886
37 44 92.69843580125827
37 45 90.97252332435328
37 46 17.46424919657298
37 47 71.386273190299
37 48 73.54590403278758
37 49 34.36568055487916
37 50 50.24937810560445
37 51 41.6293165929973
37 52 26.1725046566048
37 53 70.00714249274856
37 54 77.4919350642375
37 55 59.413803110051795
37 56 25.238858928247925
37 57 27.018512172212592
37 58 7.810249675906654
37 59 50.566787519082126
37 60 82.73451516749222
37 61 78.71467461661771
37 62 11.704699910719626
37 63 68.6804193347711
37 64 58.008620049092706
37 65 14.035668847618199
37 66 66.2872536767062
37 67 67.62396025078685
37 68 9.433981132056603
37 69 15.811388300841896
38 39 12.041594578792296
38 40 49.76946855251722
38 41 57.56735185849702
38 42 38.62641583165593
38 43 44.01136216933077
38 44 7.211102550927978
38 45 22.02271554554524
38 46 82.80096617793781
38 47 48.093658625644196
38 48 82.60750571225353
38 49 65.86349520030045
38 50 59.481089431852205
38 51 53.53503525729669
38 52 65.11528238439882
38 53 36.05551275463989
38 54 90.79647570252934
38 55 55.57877292636101
38 56 90.78546139112804
38 57 74.62573282722254
38 58 92.61749294814668
38 59 46.06517122512408
38 60 9.486832980505138
38 61 26.1725046566048
38 62 87.41853350405736
38 63 81.00617260431454
38 64 63.63961030678928
38 65 81.60882305241266
38 66 49.040799340956916
38 67 40.0
38 68 100.56838469419701
38 69 106.77546534667971
39 40 39.44616584663204
39 41 46.61544808322666
39 42 28.30194339616981
39 43 32.0
39 44 9.433981132056603
39 45 13.92838827718412
39 46 77.02596964660685
39 47 51.24451190127583
39 48 70.57619995437555
39 49 61.68468205316454
39 50 58.215118311311535
39 51 49.040799340956916
39 52 57.62811813689564
39 53 38.3275357934736
39 54 78.77182237323191
39 55 56.142675390472796
39 56 80.77747210701756
39 57 69.85699678629192
39 58 84.17244204607586
39 59 42.95346318982906
39 60 5.0
39 61 30.886890422961002
39 62 78.64477096412705
39 63 82.73451516749222
39 64 64.07027391856539
39 65 72.91776189653656
39 66 50.99019513592785
39 67 28.0178514522438
39 68 92.69843580125827
39 69 99.35793878699377
40 41 9.219544457292887
40 42 11.180339887498949
40 43 20.09975124224178
40 44 48.877397639399746
40 45 43.93176527297759
40 46 47.16990566028302
40 47 56.938563381947034
40 48 46.22769732530488
40 49 40.162171256046406
40 50 47.80167361086848
40 51 31.064449134018133
40 52 25.079872407968907
40 53 47.16990566028302
40 54 53.823786563191554
40 55 52.3450093132096
40 56 41.340053217188775
40 57 44.40720662234904
40 58 46.61544808322666
40 59 33.301651610693426
40 60 40.311288741492746
40 61 49.49747468305833
40 62 40.607881008493905
40 63 76.60939890117922
40 64 57.48912940721924
40 65 35.22782990761707
40 66 53.25410782277739
40 67 19.924858845171276
40 68 56.08029957123981
40 69 63.52952069707436
41 42 19.235384061671343
41 43 21.095023109728988
41 44 55.94640292279746
41 45 49.040799340956916
41 46 49.25444142409901
41 47 65.76473218982953
41 48 38.18376618407357
41 49 45.65084884205331
41 50 55.17245689653489
41 51 38.2099463490856
41 52 27.892651361962706
41 53 56.302753041036986
41 54 45.45327270945405
41 55 60.440052945046304
41 56 35.38361202590826
41 57 48.38388161361178
41 58 43.86342439892262
41 59 41.617304093369626
41 60 48.08326112068523
41 61 58.69412236331676
41 62 37.57658845611187
41 63 83.73768566183328
41 64 65.05382386916237
41 65 32.89376840679705
41 66 61.91122676865643
41 67 22.67156809750927
41 68 53.85164807134504
41 69 61.68468205316454
42 43 17.0
42 44 37.73592452822641
42 45 33.83784863137726
42 46 53.85164807134504
42 47 51.73973328110612
42 48 51.884487084291386
42 49 43.104524124504614
42 50 47.01063709417264
42 51 31.78049716414141
42 52 32.31098884280702
42 53 40.496913462633174
42 54 59.93329625508679
42 55 49.64876634922564
42 56 52.478567053607705
42 57 49.16299421312742
42 58 56.72741841473134
42 59 30.886890422961002
42 60 29.154759474226502
42 61 40.80441152620633
42 62 50.93132631298737
42 63 75.59100475585703
42 64 55.94640292279746
42 65 45.34313619501854
42 66 48.79549159502341
42 67 14.560219778561036
42 68 65.80273550544841
42 69 72.94518489934754
43 44 40.311288741492746
43 45 29.966648127543394
43 46 67.26812023536856
43 47 67.89698078707183
43 48 39.05124837953327
43 49 59.033888572581766
43 50 63.97655820689325
43 51 48.38388161361178
43 52 45.17742799230607
43 53 55.97320787662612
43 54 47.29693436154187
43 55 66.57326790837296
43 56 55.97320787662612
43 57 64.1248781675256
43 58 64.8459713474939
43 59 47.885279575251516
43 60 35.22782990761707
43 61 54.20332093147061
43 62 58.59180830116101
43 63 92.59049627256569
43 64 72.94518489934754
43 65 53.71219600798314
43 66 65.29931086925804
43 67 4.123105625617661
43 68 74.73285756613352
43 69 82.46211251235322
44 45 15.264337522473747
44 46 85.44003745317531
44 47 54.45181356024793
44 48 78.10249675906654
44 49 69.35416353759881
44 50 64.32728814430156
44 51 56.79788728465171
44 52 66.60330322138685
44 53 42.04759208325728
44 54 86.20904824900923
44 55 61.1310068623117
44 56 90.21086409075129
44 57 77.82673062643708
44 58 93.43446901438462
44 59 49.9799959983992
44 60 10.295630140987
44 61 32.7566787083184
44 62 87.96590248499699
44 63 87.05170877128145
44 64 69.18092222571191
44 65 82.21921916437786
44 66 55.036351623268054
44 67 36.49657518178932
44 68 101.83319694480774
44 69 108.37435120913067
45 46 86.53900854527974
45 47 65.14598989960932
45 48 65.12296062065974
45 49 72.78049189171504
45 50 71.0
45 51 60.207972893961475
45 52 65.76473218982953
45 53 52.20153254455275
45 54 73.02739212103907
45 55 69.58448102845921
45 56 84.38601779915912
45 57 80.36168241145776
45 58 90.4267659490264
45 59 55.14526271584895
45 60 18.788294228055936
45 61 44.721359549995796
45 62 84.50443775329198
45 63 96.33794683301072
45 64 77.41446893184762
45 65 79.02531240052139
45 66 64.76109943476871
45 67 26.92582403567252
45 68 99.62429422585637
45 69 106.78014796768171
46 47 55.97320787662612
46 48 82.46211251235322
46 49 19.235384061671343
46 50 34.20526275297414
46 51 29.698484809834994
46 52 22.090722034374522
46 53 56.60388679233962
46 54 87.65842800324451
46 55 43.41658669218482
46 56 39.824615503479755
46 57 10.44030650891055
46 58 24.698178070456937
46 59 38.28837943815329
46 60 75.16648189186454
46 61 66.40030120413611
46 62 25.80697580112788
46 63 51.24451190127583
46 64 41.10960958218893
46 65 24.08318915758459
46 66 50.92150822589606
46 67 66.75327707311455
46 68 25.019992006393608
46 69 27.51363298439521
47 48 102.90286682109493
47 49 37.107950630558946
47 50 21.93171219946131
47 51 32.14031735997639
47 52 51.15662224971465
47 53 13.0
47 54 110.6752004741803
47 55 13.038404810405298
47 56 84.29116205154607
47 57 45.5411901469428
47 58 76.53103945458993
47 59 25.0
47 60 46.57252408878007
47 61 22.0
47 62 74.06078584514209
47 63 33.24154027718932
47 64 19.209372712298546
47 65 69.0
47 66 5.0990195135927845
47 67 64.4437739428721
47 68 80.2807573457052
47 69 83.48652585896721
48 49 83.00602387778854
48 50 93.34880824091971
48 51 76.38062581571324
48 52 63.812224534175265
48 53 92.28217596047462
48 54 8.246211251235321
48 55 98.49365461794989
48 56 51.0098029794274
48 57 84.21995013059554
48 58 67.60177512462228
48 59 79.51100552753688
48 60 74.14849964766651
48 61 92.30926280715278
48 62 61.98386886924694
48 63 121.82774724995944
48 64 103.23759005323593
48 65 60.166435825965294
48 66 99.40321926376429
48 67 43.174066289845804
48 68 77.31752712031083
48 69 85.21150157109074
49 50 16.0
49 51 12.649110640673518
49 52 19.849433241279208
49 53 37.44329045369811
49 54 89.49860334105779
49 55 25.079872407968907
49 56 50.59644256269407
49 57 9.219544457292887
49 58 40.0
49 59 20.0
49 60 59.09314681077663
49 61 47.50789408087881
49 62 38.47076812334269
49 63 40.0
49 64 24.73863375370596
49 65 34.20526275297414
49 66 32.01562118716424
49 67 57.42821606144492
49 68 43.174066289845804
49 69 46.61544808322666
50 51 16.97056274847714
50 52 33.61547262794322
50 53 25.80697580112788
50 54 100.44899203078147
50 55 9.219544457292887
50 56 65.96969000988257
50 57 23.769728648009426
50 58 56.0
50 59 16.492422502470642
50 60 54.589376255824725
50 61 36.89173349139343
50 62 54.3323108288245
50 63 28.844410203711913
50 64 10.0
50 65 49.8196748283246
50 66 17.0
50 67 61.465437442517235
50 68 58.855755878248644
50 69 61.68468205316454
51 52 19.026297590440446
51 53 28.460498941515414
51 54 83.48652585896721
51 55 23.259406699226016
51 56 52.15361924162119
51 57 21.095023109728988
51 58 45.60701700396552
51 59 8.94427190999916
51 60 46.51881339845203
51 61 37.21558813185679
51 62 42.42640687119285
51 63 45.60701700396552
51 64 26.90724809414742
51 65 37.12142238654117
51 66 27.294688127912362
51 67 46.32493928760188
51 68 50.99019513592785
51 69 55.758407437802596
52 53 46.69047011971501
52 54 70.0
52 55 41.48493702538308
52 56 33.13608305156178
52 57 20.615528128088304
52 58 28.178005607210743
52 59 27.16615541441225
52 60 56.586217403180434
52 61 54.08326913195984
52 62 24.041630560342615
52 63 59.81638571495272
52 64 43.382023926967726
52 65 18.439088914585774
52 66 46.2709412050371
52 67 44.721359549995796
52 68 35.4682957019364
52 69 41.773197148410844
53 54 100.23971268913334
53 55 19.924858845171276
53 56 79.1580697086532
53 57 46.61544808322666
53 58 74.04052944165107
53 59 19.6468827043885
53 60 33.734255586866
53 61 11.180339887498949
53 62 70.61161377563892
53 63 45.0111097397076
53 64 27.892651361962706
53 65 65.11528238439882
53 66 13.0
53 67 52.3450093132096
53 68 79.30952023559341
53 69 83.64807230295268
54 55 105.89145385724005
54 56 53.75872022286245
54 57 90.13878188659973
54 58 71.06335201775947
54 59 87.00574693662483
54 60 82.37718130647589
54 61 100.46392387319938
54 62 65.80273550544841
54 63 128.7245120402482
54 64 110.39021695784459
54 65 64.62197768561404
54 66 107.07474025184464
54 67 51.419840528729765
54 68 80.4114419718985
54 69 88.11923740024082
55 56 74.33034373659252
55 57 32.984845004941285
55 58 65.03076195155643
55 59 19.1049731745428
55 60 52.009614495783374
55 61 31.016124838541646
55 62 63.12685640834652
55 63 26.92582403567252
55 64 8.06225774829855
55 65 58.42088667591412
55 66 8.48528137423857
55 67 63.631753079732135
55 68 68.06614430096654
55 69 70.8801805866774
56 57 46.52956049652737
56 58 17.88854381999832
56 59 60.0
56 60 81.41252974819048
56 61 85.32877591996736
56 62 14.142135623730951
56 63 89.44271909999159
56 64 75.28612089887484
56 65 16.55294535724685
56 66 79.40403012442127
56 67 57.982756057296896
56 68 26.68332812825267
56 69 34.36568055487916
57 58 33.54101966249684
57 59 29.068883707497267
57 60 67.53517601961218
57 61 56.72741841473134
57 62 33.24154027718932
57 63 42.95346318982906
57 64 31.0
57 65 30.01666203960727
57 66 40.496913462633174
57 67 63.0
57 68 35.22782990761707
57 69 37.94733192202055
58 59 54.405882034941776
58 60 83.73768566183328
58 61 82.0792300158816
58 62 6.324555320336759
58 63 75.8946638440411
58 64 64.28063471995279
58 65 11.40175425099138
58 66 71.449282711585
58 67 65.86349520030045
58 68 10.198039027185569
58 69 18.24828759089466
59 60 39.84971769034255
59 61 28.30194339616981
59 62 50.99019513592785
59 63 44.721359549995796
59 64 25.059928172283335
59 65 45.5411901469428
59 66 20.615528128088304
59 67 45.18849411078001
59 68 59.93329625508679
59 69 64.66065264130884
60 61 25.942243542145693
60 62 78.40918313565064
60 63 78.40918313565064
60 64 60.0
60 65 72.62231062146122
60 66 46.52956049652737
60 67 31.144823004794873
60 68 91.93475947648963
60 69 98.35141076771599
61 62 78.10889834071403
61 63 55.14526271584895
61 64 38.897300677553446
61 65 72.42237223399962
61 66 23.53720459187964
61 67 50.24937810560445
61 68 88.11923740024082
61 69 92.9623579735368
62 63 76.15773105863909
62 64 63.150613615387776
62 65 5.830951894845301
62 66 69.02897942168927
62 67 59.682493245507096
62 68 16.492422502470642
62 69 24.515301344262525
63 64 19.697715603592208
63 65 72.89718787443039
63 66 32.01562118716424
63 67 89.89994438263018
63 68 75.31268153505093
63 69 75.23961722390672
64 65 58.9406481131655
64 66 15.652475842498529
64 67 70.21395872616783
64 68 66.12110101926616
64 69 68.06614430096654
65 66 64.00781202322104
65 67 54.589376255824725
65 68 21.02379604162864
65 69 28.792360097775937
66 67 62.00806399170998
66 68 75.18643494673756
66 69 78.43468620451031
67 68 75.59100475585703
67 69 83.19254774317228
68 69 8.06225774829855
