NAME: dataset_100_03
NODES: 100
TYPE: SYMMETRIC
NODE1 NODE2 TIME
0 1 11.6575
0 2 273.4966
0 3 7.9272
0 4 175.2506
0 5 149.6297
0 6 49.2123
0 7 75.5277
0 8 272.4835
0 9 16.9976
0 10 283.1773
0 11 62.3857
0 12 98.8945
0 13 250.5335
0 14 225.5526
0 15 151.8027
0 16 26.9964
0 17 165.2928
0 18 273.7238
0 19 224.1513
0 20 181.3883
0 21 237.1355
0 22 156.6792
0 23 174.4526
0 24 154.6121
0 25 244.6188
0 26 51.4639
0 27 8.4533
0 28 3.9024
0 29 81.3952
0 30 169.2037
0 31 243.6799
0 32 290.6528
0 33 136.7298
0 34 107.7323
0 35 37.3556
0 36 75.5368
0 37 289.5467
0 38 36.3715
0 39 153.1613
0 40 94.9164
0 41 81.6204
0 42 294.9348
0 43 103.3801
0 44 10.3949
0 45 23.9142
0 46 197.5272
0 47 225.9631
0 48 94.0431
0 49 33.1912
0 50 118.0211
0 51 45.3645
0 52 51.6275
0 53 235.9098
0 54 211.2762
0 55 200.4857
0 56 174.1411
0 57 94.3581
0 58 152.2385
0 59 235.2925
0 60 188.5556
0 61 263.3257
0 62 273.1746
0 63 172.7358
0 64 222.0963
0 65 42.8751
0 66 76.0214
0 67 200.3198
0 68 235.114
0 69 100.6216
0 70 32.0775
0 71 132.5762
0 72 98.949
0 73 296.1237
0 74 206.7833
0 75 14.1901
0 76 158.2885
0 77 166.5716
0 78 227.6318
0 79 192.9692
0 80 279.2919
0 81 271.9004
0 82 146.2551
0 83 11.9801
0 84 110.3759
0 85 149.9042
0 86 48.8478
0 87 101.8128
0 88 265.447
0 89 59.7911
0 90 286.8609
0 91 77.9694
0 92 59.8966
0 93 10.9825
0 94 51.8879
0 95 271.9205
0 96 142.1495
0 97 131.6726
0 98 289.6717
0 99 141.2751
1 2 140.8022
1 3 237.9426
1 4 123.6108
1 5 239.7556
1 6 258.2146
1 7 175.0153
1 8 183.8784
1 9 134.2817
1 10 129.0238
1 11 132.9751
1 12 4.5313
1 13 280.35
1 14 253.2308
1 15 255.8853
1 16 30.6339
1 17 27.9356
1 18 165.5147
1 19 242.8343
1 20 49.6583
1 21 110.4479
1 22 60.5068
1 23 238.5825
1 24 59.4017
1 25 189.8146
1 26 169.1852
1 27 92.0018
1 28 179.3699
1 29 181.0599
1 30 252.0183
1 31 217.5631
1 32 138.4129
1 33 190.8102
1 34 96.7395
1 35 260.9713
1 36 81.4818
1 37 119.8383
1 38 4.8746
1 39 163.5323
1 40 137.9335
1 41 84.53
1 42 20.002
1 43 218.0427
1 44 52.5323
1 45 266.6474
1 46 200.2817
1 47 99.9601
1 48 70.2247
1 49 269.9614
1 50 213.3291
1 51 193.2615
1 52 216.201
1 53 190.5195
1 54 99.0699
1 55 227.228
1 56 184.8893
1 57 5.3534
1 58 276.8224
1 59 229.5385
1 60 129.1965
1 61 258.0937
1 62 266.7578
1 63 8.4853
1 64 46.2959
1 65 198.773
1 66 267.3903
1 67 296.0892
1 68 216.8741
1 69 3.2747
1 70 55.0145
1 71 288.6017
1 72 224.4279
1 73 262.6315
1 74 81.9538
1 75 113.3497
1 76 250.0829
1 77 96.375
1 78 19.7466
1 79 126.2103
1 80 210.1818
1 81 227.5359
1 82 36.1855
1 83 238.89
1 84 41.3932
1 85 294.7853
1 86 208.4773
1 87 248.5978
1 88 103.4317
1 89 64.2488
1 90 111.118
1 91 129.5161
1 92 238.402
1 93 262.2702
1 94 278.309
1 95 88.7081
1 96 126.2443
1 97 87.4781
1 98 20.8556
1 99 142.0594
2 3 25.2666
2 4 184.4549
2 5 177.0518
2 6 139.0394
2 7 185.8979
2 8 192.9192
2 9 255.9185
2 10 251.704
2 11 242.0818
2 12 50.5467
2 13 188.2354
2 14 64.044
2 15 264.6842
2 16 96.7533
2 17 278.3527
2 18 43.2112
2 19 91.4193
2 20 47.2198
2 21 24.5826
2 22 290.1061
2 23 237.8266
2 24 246.0822
2 25 204.2836
2 26 50.6241
2 27 174.0798
2 28 231.0354
2 29 142.9942
2 30 3.702
2 31 249.577
2 32 264.725
2 33 70.4749
2 34 32.4002
2 35 46.0484
2 36 115.4194
2 37 166.0565
2 38 194.2678
2 39 187.4512
2 40 178.2108
2 41 129.6186
2 42 181.9811
2 43 30.6733
2 44 185.272
2 45 283.6318
2 46 278.0735
2 47 149.2955
2 48 77.791
2 49 68.2667
2 50 199.3977
2 51 1.731
2 52 280.2516
2 53 161.1725
2 54 113.8689
2 55 109.1194
2 56 210.5281
2 57 80.4179
2 58 162.5181
2 59 153.112
2 60 39.3869
2 61 130.0778
2 62 271.9542
2 63 225.6138
2 64 32.7647
2 65 110.5227
2 66 243.2266
2 67 253.2436
2 68 261.8938
2 69 133.0432
2 70 39.7904
2 71 292.5596
2 72 299.5004
2 73 138.9449
2 74 72.6878
2 75 256.3982
2 76 16.0752
2 77 115.6541
2 78 88.2496
2 79 67.7977
2 80 64.1513
2 81 55.7268
2 82 270.279
2 83 187.9059
2 84 275.836
2 85 188.799
2 86 42.1815
2 87 197.0149
2 88 192.4597
2 89 168.4308
2 90 120.1032
2 91 238.6205
2 92 282.0007
2 93 25.3372
2 94 15.8002
2 95 181.7909
2 96 259.2187
2 97 296.7478
2 98 40.3425
2 99 81.7689
3 4 9.4635
3 5 174.3678
3 6 174.8966
3 7 198.173
3 8 244.12
3 9 251.632
3 10 26.5054
3 11 102.6026
3 12 109.7076
3 13 185.6253
3 14 179.0079
3 15 156.5142
3 16 34.9225
3 17 234.1876
3 18 55.2566
3 19 269.6164
3 20 170.604
3 21 147.4084
3 22 191.41
3 23 222.3461
3 24 284.0791
3 25 204.4847
3 26 253.125
3 27 188.7321
3 28 262.8184
3 29 9.4955
3 30 99.5385
3 31 18.177
3 32 86.3446
3 33 42.25
3 34 135.885
3 35 24.1924
3 36 107.3968
3 37 56.8005
3 38 61.7665
3 39 189.5119
3 40 61.2728
3 41 152.0823
3 42 217.4129
3 43 29.9839
3 44 211.1548
3 45 54.1624
3 46 16.601
3 47 102.9522
3 48 88.6814
3 49 1.8054
3 50 119.1689
3 51 97.2339
3 52 115.3234
3 53 75.9775
3 54 11.8698
3 55 71.4305
3 56 31.021
3 57 233.9201
3 58 97.1309
3 59 66.7061
3 60 257.5505
3 61 168.3394
3 62 181.31
3 63 14.3934
3 64 146.9803
3 65 257.0385
3 66 153.042
3 67 250.5401
3 68 287.9223
3 69 246.5856
3 70 41.3926
3 71 192.3816
3 72 136.4077
3 73 109.6616
3 74 158.5151
3 75 270.2052
3 76 231.9131
3 77 24.372
3 78 159.1198
3 79 214.3004
3 80 201.6704
3 81 262.7064
3 82 185.7671
3 83 193.0081
3 84 152.949
3 85 16.3706
3 86 62.9742
3 87 146.9309
3 88 226.4374
3 89 289.784
3 90 295.5956
3 91 198.3429
3 92 229.075
3 93 273.7858
3 94 64.4039
3 95 233.9418
3 96 228.4446
3 97 282.4631
3 98 260.7384
3 99 61.047
4 5 51.1739
4 6 56.2008
4 7 193.2791
4 8 50.9579
4 9 90.1654
4 10 268.1107
4 11 283.5357
4 12 121.3528
4 13 159.3752
4 14 226.2797
4 15 201.8364
4 16 258.7127
4 17 27.7095
4 18 180.4078
4 19 206.0316
4 20 44.2955
4 21 255.9567
4 22 26.7186
4 23 123.1066
4 24 143.3747
4 25 63.6506
4 26 47.1712
4 27 23.5717
4 28 218.5124
4 29 25.0566
4 30 283.5209
4 31 217.9551
4 32 187.6667
4 33 235.9047
4 34 56.3777
4 35 162.2787
4 36 121.7007
4 37 195.7511
4 38 230.5092
4 39 203.594
4 40 165.036
4 41 232.3868
4 42 218.9943
4 43 239.5922
4 44 294.3926
4 45 118.4944
4 46 190.6687
4 47 16.3076
4 48 10.6156
4 49 219.0309
4 50 234.6492
4 51 149.1312
4 52 265.5418
4 53 123.9289
4 54 269.6342
4 55 36.4688
4 56 64.1947
4 57 97.55
4 58 236.0076
4 59 151.1276
4 60 222.183
4 61 30.1372
4 62 129.6662
4 63 57.9491
4 64 261.0763
4 65 151.5736
4 66 26.5134
4 67 98.0242
4 68 238.5089
4 69 146.3776
4 70 238.299
4 71 233.9008
4 72 4.3911
4 73 276.3635
4 74 278.3632
4 75 144.0982
4 76 245.806
4 77 120.0739
4 78 59.1096
4 79 201.5071
4 80 130.8993
4 81 271.1466
4 82 260.8454
4 83 57.0557
4 84 183.5359
4 85 257.0778
4 86 91.5301
4 87 56.3089
4 88 171.3265
4 89 153.9895
4 90 274.2298
4 91 251.8892
4 92 220.4926
4 93 72.3966
4 94 1.3564
4 95 108.8067
4 96 294.1502
4 97 166.8961
4 98 57.0635
4 99 201.4246
5 6 206.9572
5 7 169.134
5 8 50.4223
5 9 21.5974
5 10 275.0753
5 11 156.0157
5 12 70.9194
5 13 264.5916
5 14 43.734
5 15 242.2649
5 16 38.9187
5 17 91.1644
5 18 120.3992
5 19 173.9942
5 20 198.8006
5 21 267.4369
5 22 126.1462
5 23 226.1085
5 24 65.2046
5 25 264.9472
5 26 61.2993
5 27 136.5863
5 28 50.487
5 29 61.3291
5 30 196.3986
5 31 63.6223
5 32 108.1379
5 33 298.1147
5 34 255.0424
5 35 220.135
5 36 232.1645
5 37 235.0045
5 38 75.6618
5 39 152.1703
5 40 217.9474
5 41 133.1068
5 42 256.2049
5 43 72.4008
5 44 199.6056
5 45 198.8603
5 46 162.3289
5 47 144.8081
5 48 211.7846
5 49 1.1863
5 50 191.1684
5 51 182.8971
5 52 149.5683
5 53 154.9615
5 54 96.6892
5 55 120.9638
5 56 182.2971
5 57 149.1173
5 58 123.7484
5 59 28.5989
5 60 261.4045
5 61 20.1568
5 62 28.3036
5 63 144.2082
5 64 281.9664
5 65 135.5681
5 66 147.4005
5 67 119.9245
5 68 64.2322
5 69 79.1447
5 70 241.1963
5 71 86.296
5 72 9.9655
5 73 197.4399
5 74 253.8175
5 75 252.3438
5 76 224.7662
5 77 185.8744
5 78 264.3241
5 79 89.2102
5 80 33.8567
5 81 46.826
5 82 82.9745
5 83 78.3312
5 84 188.5952
5 85 118.2526
5 86 232.6136
5 87 39.337
5 88 44.588
5 89 60.9658
5 90 125.3648
5 91 104.2617
5 92 198.1104
5 93 184.5695
5 94 276.4474
5 95 39.7091
5 96 267.0968
5 97 258.5779
5 98 5.2566
5 99 292.0381
6 7 3.7046
6 8 87.2112
6 9 299.0966
6 10 186.1992
6 11 130.4156
6 12 195.9788
6 13 285.5594
6 14 50.61
6 15 76.2121
6 16 54.5909
6 17 196.9253
6 18 294.6591
6 19 26.2137
6 20 257.5589
6 21 201.019
6 22 224.2176
6 23 201.6778
6 24 44.4288
6 25 20.2765
6 26 100.4646
6 27 293.3318
6 28 219.1531
6 29 91.4496
6 30 253.1723
6 31 83.726
6 32 242.3768
6 33 277.6465
6 34 82.2725
6 35 115.0432
6 36 159.9782
6 37 200.5173
6 38 221.3716
6 39 226.3905
6 40 100.0803
6 41 55.8888
6 42 98.2959
6 43 234.9991
6 44 218.0364
6 45 103.597
6 46 95.3222
6 47 17.5647
6 48 136.296
6 49 210.9335
6 50 238.1551
6 51 177.7918
6 52 116.9839
6 53 133.7003
6 54 277.4461
6 55 2.0621
6 56 2.1638
6 57 91.6807
6 58 183.1146
6 59 59.1104
6 60 29.5608
6 61 38.4759
6 62 16.4025
6 63 225.0083
6 64 199.9314
6 65 208.8546
6 66 204.6872
6 67 109.0934
6 68 168.9834
6 69 153.6745
6 70 43.8717
6 71 42.5492
6 72 223.9528
6 73 110.7389
6 74 3.3484
6 75 229.5727
6 76 252.0806
6 77 15.0234
6 78 27.558
6 79 41.7847
6 80 101.1274
6 81 156.891
6 82 271.6168
6 83 216.7527
6 84 13.0317
6 85 253.1755
6 86 116.1107
6 87 93.085
6 88 150.4187
6 89 199.2739
6 90 23.3894
6 91 286.6205
6 92 222.004
6 93 284.9054
6 94 72.0506
6 95 221.7447
6 96 40.3302
6 97 163.5972
6 98 126.328
6 99 277.3931
7 8 57.3375
7 9 270.932
7 10 57.2919
7 11 284.4907
7 12 213.7952
7 13 254.236
7 14 208.3041
7 15 173.0847
7 16 21.664
7 17 145.1294
7 18 153.7739
7 19 217.8797
7 20 132.1249
7 21 289.4796
7 22 70.6675
7 23 98.3711
7 24 284.6646
7 25 140.8281
7 26 185.0302
7 27 2.5777
7 28 36.4968
7 29 52.3114
7 30 128.1668
7 31 18.2234
7 32 255.8567
7 33 236.3684
7 34 237.704
7 35 260.1467
7 36 91.6324
7 37 80.0396
7 38 18.1479
7 39 243.1877
7 40 65.2564
7 41 293.943
7 42 118.4533
7 43 96.6868
7 44 128.6494
7 45 279.7251
7 46 41.2631
7 47 106.6519
7 48 168.2895
7 49 284.5042
7 50 1.3519
7 51 267.4587
7 52 119.3127
7 53 287.2196
7 54 216.3454
7 55 5.692
7 56 240.2461
7 57 189.6846
7 58 181.1275
7 59 299.6157
7 60 22.7499
7 61 95.7474
7 62 185.4881
7 63 254.9776
7 64 138.3205
7 65 254.2795
7 66 30.0903
7 67 26.0887
7 68 38.6104
7 69 192.2106
7 70 255.0023
7 71 217.406
7 72 283.593
7 73 75.176
7 74 154.0442
7 75 142.8963
7 76 270.3233
7 77 257.1457
7 78 224.4114
7 79 160.8841
7 80 9.9934
7 81 82.934
7 82 14.6731
7 83 273.9134
7 84 162.9229
7 85 167.984
7 86 224.6313
7 87 201.8879
7 88 66.2516
7 89 55.0377
7 90 206.1407
7 91 105.4731
7 92 187.2084
7 93 146.6636
7 94 291.3414
7 95 277.3436
7 96 145.5484
7 97 43.1965
7 98 65.029
7 99 103.0453
8 9 45.4209
8 10 173.6336
8 11 50.4009
8 12 158.127
8 13 60.8609
8 14 248.6148
8 15 233.8074
8 16 280.9198
8 17 38.834
8 18 288.556
8 19 82.3076
8 20 109.4843
8 21 219.7064
8 22 214.4816
8 23 79.8171
8 24 128.3951
8 25 197.2648
8 26 280.6134
8 27 7.002
8 28 96.8615
8 29 287.7994
8 30 251.2391
8 31 54.7252
8 32 142.7447
8 33 69.0332
8 34 57.9514
8 35 221.1036
8 36 107.1157
8 37 266.1367
8 38 216.1653
8 39 4.4034
8 40 278.3034
8 41 156.3671
8 42 174.2221
8 43 254.5324
8 44 110.6934
8 45 13.804
8 46 60.9068
8 47 160.9878
8 48 70.9288
8 49 69.7005
8 50 61.9684
8 51 159.7954
8 52 193.8452
8 53 168.9771
8 54 71.6374
8 55 286.9944
8 56 82.1878
8 57 198.2207
8 58 187.1379
8 59 52.1949
8 60 150.0673
8 61 283.1043
8 62 137.209
8 63 60.0243
8 64 43.5557
8 65 254.3264
8 66 250.5642
8 67 70.5744
8 68 216.8196
8 69 161.2775
8 70 295.6917
8 71 200.3656
8 72 223.232
8 73 269.581
8 74 276.4756
8 75 296.513
8 76 40.3183
8 77 123.0985
8 78 221.5993
8 79 155.8745
8 80 78.6614
8 81 256.7385
8 82 174.8782
8 83 131.9974
8 84 185.9089
8 85 136.9301
8 86 252.7905
8 87 167.5618
8 88 126.9198
8 89 53.6986
8 90 269.9053
8 91 269.6126
8 92 122.9367
8 93 147.5445
8 94 60.9169
8 95 119.9778
8 96 295.9709
8 97 223.2874
8 98 261.4841
8 99 254.6976
9 10 21.016
9 11 265.0509
9 12 63.621
9 13 25.498
9 14 167.7005
9 15 111.8377
9 16 57.4775
9 17 154.7197
9 18 216.4199
9 19 118.5155
9 20 237.5857
9 21 131.5708
9 22 42.6874
9 23 51.842
9 24 78.5999
9 25 76.795
9 26 197.5037
9 27 78.0627
9 28 210.9946
9 29 255.3394
9 30 173.2699
9 31 170.0575
9 32 295.618
9 33 285.3034
9 34 230.1879
9 35 3.6917
9 36 204.3852
9 37 234.5857
9 38 15.3188
9 39 52.1539
9 40 74.9389
9 41 273.0024
9 42 136.5736
9 43 267.6747
9 44 297.706
9 45 28.468
9 46 36.7862
9 47 175.8601
9 48 282.3541
9 49 226.941
9 50 158.6733
9 51 81.3253
9 52 4.5084
9 53 242.9134
9 54 45.1334
9 55 188.3317
9 56 3.6065
9 57 291.9975
9 58 214.4635
9 59 75.7961
9 60 182.8777
9 61 216.3723
9 62 255.829
9 63 49.8128
9 64 16.2941
9 65 242.5383
9 66 138.8861
9 67 243.4664
9 68 27.7012
9 69 130.3314
9 70 267.0083
9 71 188.082
9 72 70.8405
9 73 64.3061
9 74 196.2319
9 75 77.0697
9 76 243.8247
9 77 185.6239
9 78 97.1247
9 79 2.3976
9 80 100.7604
9 81 270.1084
9 82 74.7463
9 83 247.6654
9 84 209.7645
9 85 108.0244
9 86 255.526
9 87 108.98
9 88 93.2532
9 89 185.0766
9 90 179.8575
9 91 150.2667
9 92 191.7566
9 93 38.5892
9 94 13.3354
9 95 206.4565
9 96 131.4444
9 97 98.8781
9 98 228.1053
9 99 251.4974
10 11 227.9173
10 12 125.8831
10 13 109.5442
10 14 45.2668
10 15 25.155
10 16 148.0036
10 17 183.6877
10 18 268.5381
10 19 283.9503
10 20 77.3629
10 21 257.1906
10 22 243.6802
10 23 158.3464
10 24 276.0735
10 25 40.5902
10 26 239.076
10 27 165.1615
10 28 40.9696
10 29 123.1478
10 30 52.5343
10 31 196.5454
10 32 201.631
10 33 48.6097
10 34 114.7062
10 35 123.6167
10 36 4.1076
10 37 66.6923
10 38 118.3807
10 39 295.8981
10 40 254.341
10 41 167.6993
10 42 85.3277
10 43 202.041
10 44 125.8014
10 45 112.6804
10 46 115.6201
10 47 102.6004
10 48 29.5409
10 49 129.0488
10 50 238.0206
10 51 75.8635
10 52 217.6737
10 53 257.6165
10 54 111.9677
10 55 109.4754
10 56 152.4882
10 57 175.5033
10 58 200.339
10 59 276.6097
10 60 109.7947
10 61 272.001
10 62 253.1007
10 63 70.026
10 64 73.8289
10 65 144.3392
10 66 168.7761
10 67 6.4697
10 68 118.0049
10 69 38.479
10 70 107.3309
10 71 254.5983
10 72 298.8009
10 73 229.6583
10 74 160.9991
10 75 74.2777
10 76 74.8575
10 77 102.7151
10 78 194.213
10 79 14.1034
10 80 257.424
10 81 214.4909
10 82 270.2933
10 83 240.2809
10 84 121.3403
10 85 56.7238
10 86 222.2699
10 87 297.1031
10 88 248.6029
10 89 174.3702
10 90 117.3499
10 91 96.0852
10 92 57.8915
10 93 18.3099
10 94 177.4019
10 95 135.1926
10 96 30.7895
10 97 122.1624
10 98 91.0294
10 99 163.3521
11 12 247.0792
11 13 29.6651
11 14 28.3291
11 15 96.6397
11 16 170.8363
11 17 131.9794
11 18 7.737
11 19 174.6859
11 20 38.1234
11 21 185.0661
11 22 138.8758
11 23 217.507
11 24 1.7755
11 25 132.522
11 26 78.9564
11 27 251.9736
11 28 98.3343
11 29 170.3788
11 30 118.4104
11 31 109.8931
11 32 13.4335
11 33 72.7212
11 34 222.5028
11 35 190.0601
11 36 193.9652
11 37 115.6616
11 38 54.9045
11 39 170.0186
11 40 76.8913
11 41 9.2134
11 42 209.8453
11 43 142.6704
11 44 90.585
11 45 100.3718
11 46 100.3706
11 47 175.6703
11 48 151.3753
11 49 244.2369
11 50 227.7457
11 51 18.764
11 52 197.7081
11 53 140.8656
11 54 169.3525
11 55 194.3923
11 56 263.7164
11 57 37.8541
11 58 195.5267
11 59 213.8283
11 60 161.2258
11 61 245.1531
11 62 167.1971
11 63 17.8079
11 64 179.2993
11 65 237.1763
11 66 266.2927
11 67 1.5607
11 68 194.1673
11 69 204.9187
11 70 179.4711
11 71 191.3174
11 72 253.9153
11 73 186.1685
11 74 122.6794
11 75 105.68
11 76 124.1946
11 77 102.2675
11 78 242.3365
11 79 62.533
11 80 17.54
11 81 222.9066
11 82 64.0644
11 83 123.0333
11 84 240.1203
11 85 28.8395
11 86 97.0249
11 87 221.9282
11 88 244.3004
11 89 51.2442
11 90 253.1716
11 91 190.7963
11 92 130.5696
11 93 58.1459
11 94 226.5577
11 95 21.883
11 96 275.0218
11 97 19.8197
11 98 102.4462
11 99 80.5148
12 13 266.8258
12 14 143.0774
12 15 234.3138
12 16 239.0651
12 17 229.019
12 18 8.2195
12 19 130.2466
12 20 4.6118
12 21 182.332
12 22 28.841
12 23 248.2434
12 24 79.1028
12 25 237.9351
12 26 220.2301
12 27 212.681
12 28 24.9495
12 29 217.313
12 30 128.1281
12 31 295.9797
12 32 122.7589
12 33 27.9021
12 34 78.9298
12 35 29.2015
12 36 58.3603
12 37 285.5456
12 38 106.4348
12 39 25.0737
12 40 14.2572
12 41 170.6793
12 42 144.2106
12 43 209.349
12 44 274.8947
12 45 236.2893
12 46 57.3825
12 47 21.0185
12 48 18.8383
12 49 5.6701
12 50 298.4504
12 51 9.4419
12 52 84.9737
12 53 23.8286
12 54 192.4537
12 55 57.7379
12 56 83.4458
12 57 135.4519
12 58 149.884
12 59 202.0115
12 60 71.2222
12 61 51.2419
12 62 184.7663
12 63 299.7187
12 64 22.1316
12 65 295.4909
12 66 183.7998
12 67 2.3765
12 68 258.8205
12 69 15.0744
12 70 121.5876
12 71 265.4969
12 72 135.5778
12 73 131.3847
12 74 100.1312
12 75 86.2998
12 76 218.6326
12 77 104.8777
12 78 154.1314
12 79 129.5284
12 80 209.4123
12 81 46.351
12 82 51.5849
12 83 174.0442
12 84 133.3164
12 85 268.1978
12 86 213.4698
12 87 277.4373
12 88 289.4188
12 89 285.6966
12 90 157.6858
12 91 174.8354
12 92 107.3814
12 93 3.2223
12 94 46.6218
12 95 87.9221
12 96 187.671
12 97 236.5242
12 98 289.7702
12 99 101.0489
13 14 208.463
13 15 264.5711
13 16 15.9074
13 17 131.0209
13 18 17.7572
13 19 286.3886
13 20 62.5736
13 21 197.3464
13 22 65.649
13 23 196.3032
13 24 74.4681
13 25 111.3935
13 26 106.8802
13 27 92.821
13 28 176.6134
13 29 110.415
13 30 236.6003
13 31 145.9616
13 32 290.8724
13 33 104.786
13 34 140.2797
13 35 240.0274
13 36 119.0853
13 37 134.9736
13 38 108.7868
13 39 229.1376
13 40 161.0194
13 41 205.0424
13 42 144.0339
13 43 164.678
13 44 19.7757
13 45 175.6363
13 46 173.5374
13 47 180.285
13 48 175.077
13 49 196.9142
13 50 220.6162
13 51 167.8776
13 52 158.5518
13 53 252.5474
13 54 197.6854
13 55 36.5
13 56 107.1582
13 57 144.3541
13 58 85.7232
13 59 20.0895
13 60 113.5551
13 61 200.1747
13 62 89.3223
13 63 294.6642
13 64 217.6595
13 65 137.5001
13 66 27.5471
13 67 282.1072
13 68 175.4479
13 69 230.5717
13 70 76.43
13 71 27.6812
13 72 78.5741
13 73 163.6737
13 74 132.769
13 75 59.939
13 76 251.7477
13 77 244.9803
13 78 280.4114
13 79 82.1575
13 80 106.4381
13 81 128.0641
13 82 205.736
13 83 47.8073
13 84 160.4072
13 85 228.8865
13 86 201.9175
13 87 193.374
13 88 124.1334
13 89 155.6118
13 90 276.9879
13 91 279.6159
13 92 264.3865
13 93 259.1406
13 94 89.5546
13 95 229.9987
13 96 30.5983
13 97 42.5126
13 98 286.0007
13 99 292.783
14 15 151.2994
14 16 146.8219
14 17 122.536
14 18 92.4899
14 19 65.2048
14 20 272.7554
14 21 64.7523
14 22 54.9865
14 23 244.7043
14 24 166.4536
14 25 133.644
14 26 253.1159
14 27 171.1563
14 28 181.7165
14 29 65.7222
14 30 142.9542
14 31 243.095
14 32 167.7532
14 33 15.8592
14 34 215.5281
14 35 9.188
14 36 92.1025
14 37 121.2399
14 38 136.8454
14 39 281.9852
14 40 132.1849
14 41 140.2966
14 42 78.5886
14 43 50.3728
14 44 70.7152
14 45 117.4858
14 46 257.2435
14 47 180.6732
14 48 79.9373
14 49 8.2151
14 50 65.4907
14 51 18.4389
14 52 106.216
14 53 227.0012
14 54 253.2388
14 55 259.6498
14 56 237.4565
14 57 208.8352
14 58 92.6678
14 59 6.1194
14 60 178.9239
14 61 158.8561
14 62 142.1065
14 63 25.9937
14 64 25.9804
14 65 88.5404
14 66 8.5414
14 67 29.7016
14 68 179.0953
14 69 135.261
14 70 261.0977
14 71 10.0576
14 72 64.9991
14 73 280.7277
14 74 159.1684
14 75 222.0344
14 76 266.2477
14 77 261.1137
14 78 188.4034
14 79 127.9111
14 80 5.3443
14 81 33.965
14 82 10.7948
14 83 288.9213
14 84 137.2447
14 85 276.6799
14 86 26.806
14 87 136.5417
14 88 78.7214
14 89 90.2881
14 90 177.3764
14 91 76.2607
14 92 269.7355
14 93 138.9868
14 94 26.6672
14 95 174.8804
14 96 148.5648
14 97 17.6846
14 98 98.7451
14 99 201.0688
15 16 259.9074
15 17 228.0997
15 18 230.9986
15 19 262.914
15 20 99.6745
15 21 108.2764
15 22 189.5248
15 23 226.9443
15 24 179.9478
15 25 70.256
15 26 202.733
15 27 90.2128
15 28 208.6157
15 29 174.3286
15 30 218.965
15 31 164.3844
15 32 242.0264
15 33 136.6275
15 34 297.2383
15 35 231.1065
15 36 158.7991
15 37 37.4841
15 38 132.0995
15 39 21.9447
15 40 160.671
15 41 263.3273
15 42 75.5247
15 43 43.7795
15 44 286.8405
15 45 121.9587
15 46 217.666
15 47 193.097
15 48 106.9936
15 49 244.792
15 50 38.6387
15 51 10.2883
15 52 49.4668
15 53 225.9763
15 54 246.4529
15 55 288.2846
15 56 5.9687
15 57 139.2752
15 58 187.4831
15 59 55.873
15 60 267.2377
15 61 170.8368
15 62 132.7786
15 63 107.9089
15 64 222.4334
15 65 234.0699
15 66 240.8227
15 67 138.649
15 68 65.3977
15 69 68.4886
15 70 146.4396
15 71 14.5245
15 72 248.3614
15 73 32.7411
15 74 82.2164
15 75 156.3127
15 76 216.7978
15 77 247.4932
15 78 55.3446
15 79 206.1423
15 80 239.3626
15 81 201.9228
15 82 175.6222
15 83 228.032
15 84 51.7507
15 85 114.1485
15 86 1.0965
15 87 93.4777
15 88 232.5405
15 89 297.9622
15 90 223.9621
15 91 57.4117
15 92 131.6267
15 93 236.5962
15 94 171.8662
15 95 1.9837
15 96 79.9833
15 97 129.4623
15 98 6.2051
15 99 144.5573
16 17 195.7802
16 18 41.4194
16 19 3.6245
16 20 1.5271
16 21 299.0179
16 22 119.3816
16 23 86.693
16 24 261.2473
16 25 216.0473
16 26 140.6152
16 27 227.4946
16 28 209.7164
16 29 289.2188
16 30 119.2203
16 31 87.7855
16 32 103.1206
16 33 93.491
16 34 53.5846
16 35 62.9195
16 36 123.831
16 37 234.8881
16 38 167.8771
16 39 264.2835
16 40 165.3197
16 41 76.0528
16 42 25.3637
16 43 83.3525
16 44 157.7082
16 45 282.5536
16 46 7.5975
16 47 34.8178
16 48 137.458
16 49 239.6167
16 50 277.213
16 51 228.0401
16 52 74.6139
16 53 29.0041
16 54 101.5135
16 55 128.7533
16 56 128.4279
16 57 283.1432
16 58 209.2597
16 59 2.311
16 60 22.8883
16 61 92.688
16 62 132.4173
16 63 24.0082
16 64 41.8305
16 65 67.5325
16 66 174.3907
16 67 3.366
16 68 44.7281
16 69 19.5252
16 70 205.4112
16 71 39.4259
16 72 173.075
16 73 40.7422
16 74 31.735
16 75 173.3259
16 76 51.9614
16 77 264.9948
16 78 144.3837
16 79 14.9227
16 80 81.4189
16 81 287.8666
16 82 132.953
16 83 87.5568
16 84 133.9421
16 85 240.5249
16 86 223.9839
16 87 32.1154
16 88 282.5597
16 89 267.5344
16 90 263.7412
16 91 83.1002
16 92 121.8867
16 93 175.1982
16 94 142.0949
16 95 229.8664
16 96 269.1352
16 97 21.4852
16 98 139.4347
16 99 28.5592
17 18 193.6514
17 19 120.1411
17 20 221.6925
17 21 171.7176
17 22 55.5312
17 23 222.1442
17 24 161.3457
17 25 217.1584
17 26 134.4893
17 27 163.1247
17 28 10.8211
17 29 51.0181
17 30 253.1963
17 31 5.7765
17 32 260.2539
17 33 142.4736
17 34 161.6652
17 35 264.0273
17 36 187.3006
17 37 217.6925
17 38 136.5213
17 39 56.6734
17 40 103.8887
17 41 89.2407
17 42 177.2434
17 43 293.7118
17 44 122.8359
17 45 208.7116
17 46 22.3572
17 47 223.9127
17 48 274.4164
17 49 96.6384
17 50 173.7393
17 51 92.9526
17 52 48.7678
17 53 141.3168
17 54 276.2281
17 55 11.8859
17 56 83.845
17 57 99.0501
17 58 136.9634
17 59 262.4102
17 60 214.7123
17 61 176.2014
17 62 104.5902
17 63 85.0738
17 64 213.7072
17 65 277.3964
17 66 158.4239
17 67 231.3581
17 68 106.4765
17 69 205.3626
17 70 220.0259
17 71 265.9083
17 72 279.0204
17 73 238.3685
17 74 129.2339
17 75 37.7384
17 76 21.0994
17 77 262.7433
17 78 130.748
17 79 210.6882
17 80 211.8778
17 81 94.5703
17 82 180.0207
17 83 208.1651
17 84 119.7745
17 85 248.422
17 86 29.1878
17 87 165.3804
17 88 210.3793
17 89 149.9819
17 90 256.9144
17 91 225.0878
17 92 136.1568
17 93 103.3392
17 94 17.3263
17 95 70.5922
17 96 8.4299
17 97 52.0067
17 98 116.088
17 99 222.7422
18 19 229.2916
18 20 74.8773
18 21 22.586
18 22 90.8526
18 23 250.3244
18 24 84.0306
18 25 295.008
18 26 299.0799
18 27 91.0656
18 28 4.5523
18 29 281.5487
18 30 270.863
18 31 259.5869
18 32 231.571
18 33 177.4524
18 34 236.5089
18 35 88.3448
18 36 272.876
18 37 30.754
18 38 73.5671
18 39 92.9296
18 40 188.9701
18 41 58.8369
18 42 231.4205
18 43 153.2965
18 44 98.2589
18 45 243.5913
18 46 43.8274
18 47 234.5656
18 48 45.6168
18 49 203.169
18 50 92.8043
18 51 37.1615
18 52 19.4215
18 53 217.7116
18 54 86.683
18 55 91.4881
18 56 247.3754
18 57 67.9404
18 58 272.9778
18 59 159.3293
18 60 200.5973
18 61 157.0351
18 62 261.2757
18 63 225.8521
18 64 38.1361
18 65 182.7362
18 66 69.237
18 67 240.0417
18 68 189.0956
18 69 37.4873
18 70 96.6049
18 71 61.4934
18 72 145.2118
18 73 83.1387
18 74 140.9574
18 75 178.0748
18 76 34.9903
18 77 219.1952
18 78 272.2568
18 79 169.0475
18 80 112.4675
18 81 182.7041
18 82 250.0211
18 83 19.1295
18 84 89.5081
18 85 147.9377
18 86 44.289
18 87 240.4505
18 88 106.8553
18 89 129.5235
18 90 195.7186
18 91 247.3764
18 92 194.2138
18 93 2.8534
18 94 52.809
18 95 60.9792
18 96 26.906
18 97 53.6717
18 98 48.4723
18 99 142.4333
19 20 167.156
19 21 235.9545
19 22 244.3415
19 23 296.5407
19 24 149.4548
19 25 246.4638
19 26 76.209
19 27 39.3821
19 28 235.3521
19 29 265.0249
19 30 53.6939
19 31 263.0199
19 32 63.6077
19 33 156.3252
19 34 271.3352
19 35 180.2361
19 36 169.2548
19 37 20.3134
19 38 255.4278
19 39 268.4699
19 40 198.329
19 41 164.5491
19 42 154.6793
19 43 264.1887
19 44 74.3455
19 45 75.3232
19 46 226.4837
19 47 142.6566
19 48 288.1159
19 49 88.9204
19 50 185.4634
19 51 252.5568
19 52 279.049
19 53 235.3005
19 54 15.8241
19 55 265.4419
19 56 9.7897
19 57 128.4794
19 58 36.7171
19 59 11.2212
19 60 41.338
19 61 243.4331
19 62 37.143
19 63 246.0229
19 64 127.7713
19 65 11.8156
19 66 253.5079
19 67 124.2511
19 68 129.1893
19 69 196.777
19 70 124.0758
19 71 268.3429
19 72 211.9626
19 73 185.5307
19 74 95.3601
19 75 62.9636
19 76 111.8811
19 77 258.1472
19 78 195.2566
19 79 9.1462
19 80 246.4643
19 81 50.6438
19 82 44.5088
19 83 56.5326
19 84 100.5415
19 85 31.0023
19 86 271.5559
19 87 217.5567
19 88 16.377
19 89 176.5841
19 90 36.3701
19 91 33.512
19 92 278.6296
19 93 296.1032
19 94 42.5994
19 95 231.802
19 96 292.5263
19 97 169.6857
19 98 75.6755
19 99 236.5842
20 21 281.9502
20 22 119.0753
20 23 41.9817
20 24 141.9679
20 25 231.9888
20 26 275.8163
20 27 288.6125
20 28 239.493
20 29 69.2133
20 30 77.9196
20 31 223.8498
20 32 47.3352
20 33 278.1412
20 34 62.0468
20 35 48.2516
20 36 74.5975
20 37 45.0731
20 38 46.8215
20 39 256.6665
20 40 230.9525
20 41 116.4999
20 42 17.4894
20 43 19.0605
20 44 275.0859
20 45 98.9646
20 46 218.1543
20 47 27.9744
20 48 184.9148
20 49 74.1955
20 50 280.6458
20 51 87.2577
20 52 256.6592
20 53 148.5912
20 54 238.3175
20 55 156.9718
20 56 115.3128
20 57 157.1605
20 58 270.1438
20 59 219.1914
20 60 36.5659
20 61 63.6186
20 62 92.7005
20 63 129.8889
20 64 70.8193
20 65 104.9928
20 66 84.872
20 67 167.4693
20 68 173.5387
20 69 219.1871
20 70 211.331
20 71 66.7163
20 72 98.1386
20 73 106.3112
20 74 48.0511
20 75 105.5234
20 76 273.1584
20 77 50.9407
20 78 269.4847
20 79 104.0955
20 80 194.7268
20 81 249.4928
20 82 125.5861
20 83 206.141
20 84 170.1307
20 85 58.0598
20 86 18.6653
20 87 94.1365
20 88 46.7148
20 89 276.1699
20 90 153.493
20 91 90.231
20 92 262.1595
20 93 78.4053
20 94 238.1541
20 95 150.2293
20 96 63.6322
20 97 225.2252
20 98 236.4002
20 99 99.5304
21 22 61.6968
21 23 80.1748
21 24 68.2164
21 25 60.8774
21 26 38.6448
21 27 190.8569
21 28 226.2582
21 29 188.057
21 30 106.9732
21 31 296.1731
21 32 287.7668
21 33 8.4521
21 34 90.3084
21 35 260.4108
21 36 214.7914
21 37 64.2189
21 38 128.0928
21 39 87.7855
21 40 100.2637
21 41 208.8247
21 42 130.7205
21 43 165.9399
21 44 295.3567
21 45 173.3614
21 46 130.9035
21 47 240.1348
21 48 241.551
21 49 64.7035
21 50 273.8518
21 51 159.657
21 52 233.0126
21 53 215.1782
21 54 243.5436
21 55 38.4586
21 56 253.7508
21 57 87.0473
21 58 284.6566
21 59 244.0529
21 60 64.2745
21 61 53.2019
21 62 246.6508
21 63 195.9846
21 64 142.2151
21 65 46.5254
21 66 35.7873
21 67 230.3493
21 68 144.6777
21 69 71.4603
21 70 49.5879
21 71 121.9246
21 72 73.1021
21 73 282.124
21 74 200.9373
21 75 230.7953
21 76 178.1923
21 77 225.0464
21 78 104.799
21 79 176.3744
21 80 200.898
21 81 102.0087
21 82 227.9342
21 83 58.5519
21 84 38.3647
21 85 244.545
21 86 105.9664
21 87 136.6497
21 88 254.6934
21 89 153.0555
21 90 23.7009
21 91 99.3482
21 92 114.9275
21 93 200.2862
21 94 129.2508
21 95 274.9554
21 96 67.9001
21 97 276.7749
21 98 152.1915
21 99 278.158
22 23 274.6269
22 24 156.1291
22 25 97.5712
22 26 34.1189
22 27 192.6337
22 28 243.0306
22 29 199.3206
22 30 167.2581
22 31 296.4088
22 32 152.8878
22 33 146.0292
22 34 231.3865
22 35 58.1101
22 36 121.2058
22 37 210.8646
22 38 267.6069
22 39 99.2561
22 40 224.1991
22 41 86.5741
22 42 163.298
22 43 46.7062
22 44 105.1116
22 45 104.93
22 46 202.9219
22 47 97.6208
22 48 294.3766
22 49 10.6286
22 50 158.7127
22 51 226.3426
22 52 277.6934
22 53 295.5466
22 54 107.0075
22 55 208.4052
22 56 268.4328
22 57 164.1735
22 58 216.7035
22 59 261.3006
22 60 166.2298
22 61 190.6663
22 62 58.965
22 63 154.0529
22 64 171.0472
22 65 61.6593
22 66 223.4037
22 67 289.5025
22 68 173.3877
22 69 268.1389
22 70 255.8241
22 71 24.9974
22 72 161.5997
22 73 277.1038
22 74 156.9622
22 75 166.4859
22 76 230.0184
22 77 113.6481
22 78 177.4734
22 79 235.5843
22 80 186.7974
22 81 140.342
22 82 84.9116
22 83 185.5896
22 84 210.168
22 85 291.8322
22 86 294.8538
22 87 75.3467
22 88 69.4473
22 89 233.5951
22 90 200.9353
22 91 143.1015
22 92 145.2555
22 93 123.4476
22 94 212.955
22 95 149.7895
22 96 234.3765
22 97 189.6691
22 98 148.9443
22 99 174.8632
23 24 32.7932
23 25 58.2444
23 26 257.8737
23 27 213.2302
23 28 269.9025
23 29 158.2108
23 30 63.4259
23 31 225.551
23 32 82.047
23 33 11.3566
23 34 21.1291
23 35 199.3877
23 36 277.4091
23 37 228.7626
23 38 133.6582
23 39 61.9173
23 40 281.3205
23 41 3.6105
23 42 207.4791
23 43 272.4233
23 44 190.4785
23 45 224.7101
23 46 92.3327
23 47 228.1018
23 48 159.7038
23 49 67.7191
23 50 279.9848
23 51 297.5701
23 52 135.665
23 53 276.1458
23 54 82.3801
23 55 56.1473
23 56 17.9203
23 57 259.0795
23 58 10.3716
23 59 284.9921
23 60 25.3192
23 61 54.2826
23 62 65.7963
23 63 62.2706
23 64 151.8851
23 65 37.9893
23 66 94.1207
23 67 214.5878
23 68 19.8607
23 69 37.0724
23 70 174.2693
23 71 235.5771
23 72 258.1508
23 73 176.2621
23 74 80.9329
23 75 31.5362
23 76 93.8018
23 77 233.2141
23 78 163.6596
23 79 292.566
23 80 204.9
23 81 237.2893
23 82 226.0858
23 83 262.0509
23 84 89.7159
23 85 128.9876
23 86 246.5364
23 87 195.2379
23 88 131.5705
23 89 51.59
23 90 240.569
23 91 93.5514
23 92 214.0745
23 93 298.7929
23 94 142.4633
23 95 16.872
23 96 112.9568
23 97 119.3347
23 98 85.123
23 99 56.5007
24 25 186.0972
24 26 30.5345
24 27 116.1877
24 28 2.3363
24 29 49.8989
24 30 3.6001
24 31 63.3457
24 32 236.4847
24 33 34.3742
24 34 47.0344
24 35 210.9117
24 36 9.8665
24 37 156.6716
24 38 53.1413
24 39 267.9294
24 40 118.6699
24 41 36.9463
24 42 93.3552
24 43 217.6577
24 44 295.7132
24 45 163.4245
24 46 80.7924
24 47 34.7328
24 48 180.5278
24 49 97.0393
24 50 207.7045
24 51 5.3418
24 52 121.2615
24 53 190.5977
24 54 66.9209
24 55 153.904
24 56 41.2986
24 57 6.049
24 58 79.8268
24 59 8.528
24 60 139.4222
24 61 276.3241
24 62 221.5963
24 63 195.2937
24 64 281.8188
24 65 129.7953
24 66 69.6509
24 67 291.6498
24 68 223.5727
24 69 234.9659
24 70 51.0031
24 71 244.7685
24 72 150.0404
24 73 297.4133
24 74 295.5833
24 75 256.4208
24 76 271.554
24 77 91.3364
24 78 78.6202
24 79 248.0003
24 80 143.8241
24 81 230.6626
24 82 251.945
24 83 224.222
24 84 52.7473
24 85 10.7465
24 86 169.3158
24 87 122.3257
24 88 27.503
24 89 165.0329
24 90 27.4895
24 91 274.3964
24 92 251.7549
24 93 276.8288
24 94 86.3367
24 95 240.1583
24 96 168.7956
24 97 92.4332
24 98 28.0065
24 99 32.6821
25 26 282.1114
25 27 154.5419
25 28 173.6968
25 29 118.8558
25 30 220.9403
25 31 11.0515
25 32 217.6796
25 33 186.5296
25 34 240.1577
25 35 217.177
25 36 165.9341
25 37 299.26
25 38 143.7925
25 39 83.6013
25 40 235.4028
25 41 39.2087
25 42 20.4932
25 43 50.8701
25 44 57.2955
25 45 65.5408
25 46 167.4691
25 47 84.7562
25 48 217.4096
25 49 215.8341
25 50 54.1292
25 51 48.5595
25 52 82.6343
25 53 147.957
25 54 110.8536
25 55 147.6024
25 56 118.3957
25 57 149.4502
25 58 35.4505
25 59 42.7868
25 60 194.9419
25 61 168.3776
25 62 165.8092
25 63 93.8077
25 64 171.6135
25 65 76.4513
25 66 281.5624
25 67 161.1979
25 68 146.816
25 69 280.6843
25 70 193.5924
25 71 252.005
25 72 202.7492
25 73 187.8357
25 74 11.1761
25 75 177.6504
25 76 89.358
25 77 291.9688
25 78 272.1518
25 79 40.2757
25 80 64.8515
25 81 135.7713
25 82 167.5091
25 83 182.4193
25 84 94.3191
25 85 151.6687
25 86 229.5726
25 87 251.7965
25 88 173.9832
25 89 97.9833
25 90 205.3174
25 91 95.8734
25 92 226.0731
25 93 217.1221
25 94 151.3902
25 95 152.814
25 96 219.0975
25 97 104.619
25 98 261.2526
25 99 51.183
26 27 199.3009
26 28 108.9194
26 29 176.2062
26 30 45.3267
26 31 191.3098
26 32 111.3038
26 33 246.706
26 34 282.7683
26 35 52.0872
26 36 267.8097
26 37 154.9717
26 38 211.7179
26 39 175.7586
26 40 26.3047
26 41 138.5497
26 42 241.4504
26 43 17.9314
26 44 81.2718
26 45 158.2452
26 46 218.8533
26 47 143.4912
26 48 125.3389
26 49 37.5059
26 50 274.2444
26 51 114.3756
26 52 39.5658
26 53 167.0667
26 54 262.6618
26 55 15.3296
26 56 20.5576
26 57 223.846
26 58 111.6904
26 59 226.6931
26 60 256.9596
26 61 185.5916
26 62 132.7102
26 63 255.3143
26 64 170.827
26 65 218.576
26 66 54.648
26 67 268.9852
26 68 121.7263
26 69 151.1335
26 70 172.0876
26 71 164.6149
26 72 283.3245
26 73 63.3705
26 74 289.9461
26 75 179.9432
26 76 6.2607
26 77 20.7405
26 78 96.0095
26 79 144.9043
26 80 159.9552
26 81 89.8901
26 82 150.7434
26 83 12.7197
26 84 139.4483
26 85 20.471
26 86 61.1693
26 87 185.9305
26 88 258.6591
26 89 297.3314
26 90 296.4431
26 91 215.7275
26 92 159.1595
26 93 150.8875
26 94 245.7601
26 95 101.2776
26 96 223.1526
26 97 25.2104
26 98 173.527
26 99 86.0649
27 28 21.9163
27 29 210.4331
27 30 198.9012
27 31 147.7307
27 32 43.8905
27 33 184.2827
27 34 216.3957
27 35 258.3598
27 36 190.7458
27 37 291.852
27 38 20.1395
27 39 79.4413
27 40 78.1962
27 41 191.0849
27 42 40.44
27 43 266.9343
27 44 110.6931
27 45 138.0415
27 46 174.9555
27 47 36.6835
27 48 173.6653
27 49 118.3923
27 50 169.3042
27 51 255.1477
27 52 51.4392
27 53 250.3219
27 54 233.2053
27 55 227.1962
27 56 168.3772
27 57 205.2006
27 58 179.177
27 59 230.6697
27 60 180.1374
27 61 101.3299
27 62 231.5468
27 63 97.3192
27 64 279.0854
27 65 71.1883
27 66 228.1443
27 67 127.347
27 68 211.9121
27 69 133.6043
27 70 110.2794
27 71 263.069
27 72 136.1062
27 73 248.9963
27 74 267.0376
27 75 291.638
27 76 27.8876
27 77 167.1712
27 78 58.9777
27 79 199.4809
27 80 92.4921
27 81 169.9737
27 82 32.0997
27 83 276.9214
27 84 61.5706
27 85 140.7164
27 86 291.34
27 87 181.0321
27 88 48.1977
27 89 5.3591
27 90 125.9213
27 91 32.9806
27 92 84.1942
27 93 101.7141
27 94 100.6557
27 95 136.0062
27 96 235.388
27 97 70.4567
27 98 50.5064
27 99 299.7554
28 29 262.2305
28 30 223.1387
28 31 15.5163
28 32 62.5165
28 33 183.9079
28 34 86.4017
28 35 121.6334
28 36 214.1166
28 37 262.3529
28 38 58.5806
28 39 153.3733
28 40 295.9737
28 41 7.2424
28 42 7.2025
28 43 46.949
28 44 37.3321
28 45 104.2156
28 46 8.475
28 47 6.5957
28 48 19.4468
28 49 262.8516
28 50 265.9517
28 51 153.6761
28 52 198.9168
28 53 51.2848
28 54 92.5187
28 55 121.6124
28 56 7.3653
28 57 292.6366
28 58 39.5666
28 59 228.2487
28 60 9.7127
28 61 156.5822
28 62 244.6406
28 63 1.9671
28 64 44.5533
28 65 191.7141
28 66 54.1874
28 67 111.9018
28 68 192.4028
28 69 98.5115
28 70 257.3174
28 71 44.329
28 72 76.1469
28 73 207.3071
28 74 129.5167
28 75 252.6086
28 76 169.3539
28 77 179.9904
28 78 119.4698
28 79 115.1799
28 80 5.4413
28 81 152.2443
28 82 217.183
28 83 230.9184
28 84 196.7322
28 85 216.2252
28 86 251.7017
28 87 106.4367
28 88 16.0362
28 89 151.3747
28 90 224.3785
28 91 102.6336
28 92 297.8987
28 93 246.685
28 94 161.4157
28 95 270.3688
28 96 4.1297
28 97 48.3095
28 98 166.9521
28 99 168.0546
29 30 14.4781
29 31 96.9422
29 32 91.7258
29 33 135.7454
29 34 292.4849
29 35 139.25
29 36 141.8032
29 37 32.061
29 38 42.3507
29 39 40.2157
29 40 266.6819
29 41 64.1888
29 42 76.5707
29 43 123.4821
29 44 265.1609
29 45 299.6882
29 46 251.8146
29 47 266.7567
29 48 116.8601
29 49 53.2566
29 50 186.971
29 51 165.0455
29 52 174.9788
29 53 247.257
29 54 237.4461
29 55 220.3905
29 56 123.0794
29 57 125.9287
29 58 209.8838
29 59 109.3864
29 60 70.3673
29 61 38.1469
29 62 295.8508
29 63 48.642
29 64 192.7446
29 65 27.0552
29 66 284.0213
29 67 238.9698
29 68 207.3541
29 69 50.5714
29 70 260.9793
29 71 161.0294
29 72 216.6402
29 73 211.7292
29 74 170.622
29 75 47.1636
29 76 1.3588
29 77 109.8648
29 78 176.4589
29 79 84.1315
29 80 172.9111
29 81 277.2664
29 82 241.4063
29 83 41.9628
29 84 90.97
29 85 242.1724
29 86 255.0128
29 87 281.3885
29 88 111.6885
29 89 262.7362
29 90 53.4067
29 91 260.756
29 92 23.6033
29 93 279.2977
29 94 207.7696
29 95 262.2389
29 96 259.7468
29 97 110.0719
29 98 149.8598
29 99 83.6209
30 31 241.6701
30 32 2.5384
30 33 34.8647
30 34 206.6425
30 35 23.2181
30 36 135.3217
30 37 140.4358
30 38 158.1962
30 39 234.4582
30 40 284.996
30 41 100.0988
30 42 144.0364
30 43 232.6019
30 44 7.9317
30 45 212.5467
30 46 217.4857
30 47 171.8033
30 48 205.9136
30 49 294.7595
30 50 65.3489
30 51 128.4796
30 52 230.4664
30 53 141.7934
30 54 163.1316
30 55 67.7973
30 56 145.8563
30 57 244.8281
30 58 27.3687
30 59 70.876
30 60 72.024
30 61 150.1004
30 62 37.3228
30 63 12.2421
30 64 229.3804
30 65 36.6384
30 66 145.2405
30 67 34.5729
30 68 28.1213
30 69 112.6795
30 70 37.172
30 71 208.9455
30 72 294.9544
30 73 72.1592
30 74 117.2813
30 75 123.4889
30 76 8.6621
30 77 70.0507
30 78 79.9117
30 79 80.2369
30 80 232.0304
30 81 187.8983
30 82 257.686
30 83 192.395
30 84 16.793
30 85 27.2888
30 86 99.392
30 87 36.8778
30 88 274.7875
30 89 221.9367
30 90 171.2126
30 91 92.6727
30 92 227.2539
30 93 24.8126
30 94 143.9186
30 95 162.1052
30 96 265.89
30 97 197.1883
30 98 233.1768
30 99 211.2948
31 32 123.874
31 33 169.6146
31 34 93.7464
31 35 117.1909
31 36 268.2278
31 37 240.994
31 38 194.986
31 39 249.2607
31 40 189.5423
31 41 34.9578
31 42 297.4017
31 43 69.3084
31 44 39.6583
31 45 137.9578
31 46 235.2593
31 47 126.0811
31 48 21.5527
31 49 70.743
31 50 40.0983
31 51 253.5956
31 52 72.7774
31 53 213.4043
31 54 219.9754
31 55 278.6284
31 56 258.0282
31 57 142.2167
31 58 264.1888
31 59 221.5401
31 60 101.0568
31 61 116.1665
31 62 105.3526
31 63 95.3507
31 64 60.2499
31 65 276.8798
31 66 81.5856
31 67 46.0538
31 68 195.4171
31 69 116.7643
31 70 176.7615
31 71 159.4016
31 72 59.2983
31 73 145.9971
31 74 81.4423
31 75 214.2791
31 76 298.1729
31 77 8.6774
31 78 246.1123
31 79 1.0808
31 80 81.1782
31 81 203.4013
31 82 111.963
31 83 71.1142
31 84 281.6958
31 85 197.1503
31 86 159.1556
31 87 237.0667
31 88 72.3186
31 89 125.5169
31 90 19.1484
31 91 274.719
31 92 11.5852
31 93 21.1958
31 94 218.8048
31 95 110.9401
31 96 131.0697
31 97 117.3414
31 98 132.1983
31 99 157.6332
32 33 226.2613
32 34 194.587
32 35 171.8892
32 36 275.9567
32 37 9.0725
32 38 286.0209
32 39 163.0287
32 40 36.2006
32 41 235.1621
32 42 210.0961
32 43 135.2066
32 44 8.92
32 45 64.1037
32 46 280.6106
32 47 219.0813
32 48 256.49
32 49 23.2804
32 50 114.154
32 51 81.8448
32 52 127.3471
32 53 292.7126
32 54 251.6906
32 55 231.4935
32 56 122.5088
32 57 298.3947
32 58 194.1807
32 59 129.8938
32 60 206.4509
32 61 11.3707
32 62 99.4046
32 63 159.7678
32 64 261.9178
32 65 198.0175
32 66 213.6995
32 67 172.747
32 68 263.9099
32 69 27.5098
32 70 195.5695
32 71 2.1879
32 72 14.72
32 73 299.4342
32 74 297.1311
32 75 174.7997
32 76 50.0027
32 77 38.8956
32 78 264.5271
32 79 43.2655
32 80 30.3652
32 81 261.43
32 82 290.7183
32 83 219.3466
32 84 206.9765
32 85 289.1568
32 86 70.5553
32 87 166.3838
32 88 11.3578
32 89 26.5152
32 90 287.2346
32 91 240.3604
32 92 78.8443
32 93 237.5193
32 94 40.5762
32 95 18.8231
32 96 39.3052
32 97 195.3001
32 98 99.1152
32 99 118.5267
33 34 232.0297
33 35 118.938
33 36 237.693
33 37 64.6315
33 38 53.1739
33 39 171.06
33 40 162.7301
33 41 172.8051
33 42 25.6625
33 43 115.0016
33 44 217.462
33 45 164.1445
33 46 218.8727
33 47 167.654
33 48 247.2809
33 49 67.8072
33 50 155.1834
33 51 226.1604
33 52 116.2009
33 53 15.8693
33 54 138.2009
33 55 171.0312
33 56 155.8703
33 57 185.6047
33 58 147.9805
33 59 195.4178
33 60 57.8774
33 61 145.7648
33 62 157.1405
33 63 258.1938
33 64 206.9141
33 65 229.0193
33 66 167.4856
33 67 291.0555
33 68 257.3948
33 69 260.6583
33 70 270.4776
33 71 51.5353
33 72 121.517
33 73 85.1231
33 74 55.176
33 75 20.7274
33 76 199.5413
33 77 212.0362
33 78 80.7252
33 79 11.6097
33 80 172.7905
33 81 2.3451
33 82 137.5508
33 83 267.1756
33 84 97.2436
33 85 24.4278
33 86 238.6208
33 87 107.7526
33 88 146.3392
33 89 95.0691
33 90 242.4687
33 91 161.3656
33 92 279.8125
33 93 250.0678
33 94 140.2175
33 95 269.484
33 96 193.8675
33 97 140.3857
33 98 193.0196
33 99 197.4985
34 35 200.9467
34 36 132.482
34 37 271.439
34 38 166.6641
34 39 127.4653
34 40 199.9874
34 41 195.7333
34 42 238.805
34 43 216.5788
34 44 249.0067
34 45 3.3177
34 46 196.5212
34 47 292.5391
34 48 170.4151
34 49 21.4297
34 50 29.9836
34 51 73.2243
34 52 66.1115
34 53 49.6331
34 54 191.3787
34 55 73.2296
34 56 260.6597
34 57 219.7434
34 58 18.9718
34 59 113.0708
34 60 202.235
34 61 21.4044
34 62 214.9574
34 63 142.8294
34 64 112.7076
34 65 4.7868
34 66 59.5163
34 67 287.8372
34 68 151.2769
34 69 133.9774
34 70 167.7635
34 71 75.476
34 72 96.1278
34 73 127.9929
34 74 120.5785
34 75 159.9152
34 76 29.3341
34 77 226.5608
34 78 217.6649
34 79 285.8562
34 80 76.9604
34 81 79.8321
34 82 184.3267
34 83 8.1716
34 84 151.9481
34 85 188.3123
34 86 121.7414
34 87 128.9747
34 88 222.8795
34 89 139.4043
34 90 97.4574
34 91 146.3406
34 92 92.4537
34 93 284.979
34 94 196.6857
34 95 48.8727
34 96 235.2273
34 97 122.0683
34 98 29.3674
34 99 65.6213
35 36 218.1394
35 37 286.6779
35 38 113.3199
35 39 110.0189
35 40 129.0177
35 41 162.7949
35 42 2.0533
35 43 101.0397
35 44 171.0385
35 45 252.5127
35 46 161.6251
35 47 18.8772
35 48 213.9432
35 49 283.7634
35 50 55.0646
35 51 175.986
35 52 69.5885
35 53 203.4216
35 54 222.035
35 55 10.5893
35 56 30.2359
35 57 281.606
35 58 59.2073
35 59 43.8217
35 60 187.3224
35 61 77.5168
35 62 282.4422
35 63 88.1113
35 64 4.4201
35 65 271.2254
35 66 77.0975
35 67 93.8185
35 68 277.108
35 69 95.7283
35 70 128.2815
35 71 264.0696
35 72 242.9831
35 73 232.328
35 74 209.0008
35 75 109.5763
35 76 171.4474
35 77 214.2364
35 78 151.865
35 79 136.7738
35 80 98.8784
35 81 206.377
35 82 115.6815
35 83 143.3621
35 84 7.6699
35 85 68.1377
35 86 128.5421
35 87 297.0361
35 88 229.0943
35 89 2.6796
35 90 74.3844
35 91 174.3221
35 92 286.9126
35 93 212.1045
35 94 75.3187
35 95 17.1794
35 96 238.188
35 97 215.8557
35 98 22.3789
35 99 286.9751
36 37 194.3052
36 38 222.67
36 39 104.8451
36 40 29.5201
36 41 209.8067
36 42 150.1174
36 43 158.5985
36 44 70.3906
36 45 41.5154
36 46 219.2591
36 47 282.4051
36 48 272.6709
36 49 183.9296
36 50 28.2208
36 51 148.9718
36 52 228.1257
36 53 52.7183
36 54 191.4309
36 55 158.2406
36 56 61.2516
36 57 121.4722
36 58 152.8826
36 59 22.8364
36 60 165.4051
36 61 63.3468
36 62 95.3436
36 63 99.5308
36 64 162.4915
36 65 78.5468
36 66 30.7001
36 67 144.37
36 68 174.2662
36 69 183.4175
36 70 296.0158
36 71 167.7883
36 72 93.931
36 73 147.6167
36 74 263.7972
36 75 39.5415
36 76 141.8949
36 77 132.0551
36 78 298.3511
36 79 139.8425
36 80 246.1178
36 81 270.7425
36 82 125.9059
36 83 58.5643
36 84 285.215
36 85 165.54
36 86 51.3142
36 87 163.4836
36 88 152.9337
36 89 264.968
36 90 130.8135
36 91 246.261
36 92 160.1857
36 93 154.498
36 94 104.2215
36 95 69.7716
36 96 137.9189
36 97 150.1175
36 98 164.4695
36 99 127.0266
37 38 284.1987
37 39 83.7934
37 40 97.7448
37 41 20.7069
37 42 50.6481
37 43 66.502
37 44 155.4509
37 45 155.7567
37 46 161.0016
37 47 215.4343
37 48 176.0744
37 49 244.2008
37 50 158.6087
37 51 175.4027
37 52 115.7252
37 53 214.7963
37 54 27.4658
37 55 223.8984
37 56 48.1047
37 57 258.5265
37 58 122.1453
37 59 205.5426
37 60 96.0449
37 61 166.0446
37 62 147.641
37 63 279.9683
37 64 189.9141
37 65 77.7259
37 66 247.7433
37 67 122.6399
37 68 297.4045
37 69 286.5019
37 70 85.9295
37 71 13.112
37 72 106.1104
37 73 296.3105
37 74 118.5976
37 75 136.6317
37 76 173.0642
37 77 195.505
37 78 292.4071
37 79 87.7635
37 80 252.8974
37 81 156.0303
37 82 131.0997
37 83 287.7558
37 84 256.3937
37 85 37.6074
37 86 229.1644
37 87 152.6288
37 88 13.668
37 89 213.8854
37 90 298.211
37 91 132.7807
37 92 130.4273
37 93 206.5688
37 94 254.9623
37 95 64.3436
37 96 128.7856
37 97 58.121
37 98 154.4768
37 99 7.1042
38 39 229.8192
38 40 229.6133
38 41 167.3422
38 42 189.6191
38 43 260.3058
38 44 211.1553
38 45 105.215
38 46 45.0576
38 47 40.8992
38 48 72.5281
38 49 163.7362
38 50 19.2842
38 51 111.5906
38 52 25.6454
38 53 167.7352
38 54 150.7887
38 55 188.4806
38 56 220.7146
38 57 182.9967
38 58 144.1968
38 59 25.1031
38 60 27.7926
38 61 139.1853
38 62 223.9564
38 63 147.8613
38 64 195.5918
38 65 74.9506
38 66 80.596
38 67 85.9402
38 68 30.9627
38 69 28.2227
38 70 75.5271
38 71 157.1944
38 72 35.0122
38 73 183.3765
38 74 281.2663
38 75 41.8115
38 76 257.1111
38 77 115.1551
38 78 232.6825
38 79 41.0047
38 80 168.4596
38 81 274.492
38 82 121.8602
38 83 299.5858
38 84 24.6164
38 85 41.4535
38 86 172.1062
38 87 72.054
38 88 294.7319
38 89 192.7368
38 90 144.8909
38 91 249.8501
38 92 160.4763
38 93 18.5353
38 94 99.9013
38 95 29.3228
38 96 4.5612
38 97 109.5002
38 98 242.1814
38 99 99.7164
39 40 218.1889
39 41 243.0135
39 42 105.7409
39 43 153.0895
39 44 28.5883
39 45 38.528
39 46 206.0093
39 47 3.3697
39 48 214.2118
39 49 232.3144
39 50 281.9375
39 51 249.764
39 52 259.7109
39 53 55.3518
39 54 122.6044
39 55 189.8409
39 56 121.3902
39 57 257.3931
39 58 22.9729
39 59 108.5769
39 60 89.506
39 61 69.8437
39 62 248.3061
39 63 106.9966
39 64 280.5226
39 65 162.2527
39 66 218.7287
39 67 289.1449
39 68 36.0783
39 69 17.329
39 70 82.4979
39 71 285.5432
39 72 165.7575
39 73 13.1424
39 74 217.995
39 75 106.0887
39 76 162.7227
39 77 243.6863
39 78 79.5465
39 79 25.3423
39 80 96.5287
39 81 30.9985
39 82 219.1714
39 83 208.0428
39 84 100.2362
39 85 59.4267
39 86 116.0253
39 87 296.4577
39 88 66.0547
39 89 149.7157
39 90 274.1405
39 91 61.4791
39 92 61.5402
39 93 186.0255
39 94 250.0238
39 95 132.2487
39 96 278.0087
39 97 52.9595
39 98 10.128
39 99 166.5865
40 41 265.8707
40 42 286.9538
40 43 142.6974
40 44 134.3301
40 45 183.6506
40 46 293.9737
40 47 111.5143
40 48 56.1697
40 49 232.8442
40 50 99.4461
40 51 251.7191
40 52 87.3655
40 53 28.147
40 54 220.1587
40 55 109.73
40 56 77.6131
40 57 40.1164
40 58 7.7608
40 59 103.6349
40 60 105.9884
40 61 150.6024
40 62 247.693
40 63 74.8677
40 64 5.0358
40 65 153.1921
40 66 298.2655
40 67 127.5968
40 68 137.7561
40 69 293.13
40 70 136.754
40 71 72.1814
40 72 230.4813
40 73 119.9923
40 74 28.7841
40 75 154.4366
40 76 165.1769
40 77 78.8355
40 78 299.8034
40 79 64.5451
40 80 166.0039
40 81 186.523
40 82 159.7796
40 83 239.1744
40 84 188.366
40 85 77.3781
40 86 33.9797
40 87 271.6422
40 88 96.5169
40 89 238.202
40 90 19.4754
40 91 283.2958
40 92 115.0796
40 93 73.1295
40 94 220.6783
40 95 78.9419
40 96 66.7903
40 97 159.9491
40 98 28.6802
40 99 184.8659
41 42 192.4901
41 43 283.3003
41 44 247.5129
41 45 74.3027
41 46 271.006
41 47 105.8481
41 48 74.5999
41 49 124.2192
41 50 51.8455
41 51 165.0086
41 52 106.765
41 53 245.7709
41 54 195.6657
41 55 256.4344
41 56 194.7813
41 57 203.3014
41 58 66.0353
41 59 130.2044
41 60 294.8425
41 61 175.6948
41 62 285.0208
41 63 210.2797
41 64 270.8059
41 65 151.671
41 66 155.7436
41 67 97.4387
41 68 159.4143
41 69 249.1907
41 70 124.0712
41 71 119.0329
41 72 142.7221
41 73 88.1177
41 74 135.0105
41 75 51.4661
41 76 183.7649
41 77 19.2459
41 78 163.6168
41 79 140.9229
41 80 191.7943
41 81 286.2944
41 82 32.8071
41 83 15.292
41 84 179.8087
41 85 164.9583
41 86 50.2859
41 87 10.8734
41 88 250.758
41 89 298.7038
41 90 260.8181
41 91 77.5842
41 92 120.4873
41 93 52.2634
41 94 111.6947
41 95 263.1905
41 96 197.3861
41 97 10.4
41 98 238.7743
41 99 200.9753
42 43 95.327
42 44 114.2349
42 45 247.6988
42 46 82.2084
42 47 126.3116
42 48 256.4259
42 49 260.0893
42 50 285.9513
42 51 59.2214
42 52 295.7441
42 53 6.8206
42 54 72.4454
42 55 8.4526
42 56 204.6859
42 57 215.2303
42 58 44.4699
42 59 297.2808
42 60 156.7889
42 61 106.7021
42 62 52.2163
42 63 197.8166
42 64 62.5074
42 65 54.7795
42 66 86.6347
42 67 298.0668
42 68 168.0673
42 69 273.5745
42 70 227.082
42 71 278.8418
42 72 147.875
42 73 181.6989
42 74 17.3103
42 75 199.1054
42 76 146.5534
42 77 50.9721
42 78 256.8577
42 79 172.1788
42 80 279.7504
42 81 82.7071
42 82 6.4086
42 83 33.4339
42 84 189.2927
42 85 172.205
42 86 14.3498
42 87 284.3551
42 88 175.7132
42 89 162.674
42 90 185.1608
42 91 34.0972
42 92 25.7818
42 93 81.3642
42 94 153.8121
42 95 168.9874
42 96 16.2106
42 97 84.7187
42 98 61.6542
42 99 144.0643
43 44 292.7487
43 45 34.1401
43 46 255.9246
43 47 139.0114
43 48 246.0196
43 49 45.9003
43 50 288.1208
43 51 201.1668
43 52 149.1259
43 53 210.8786
43 54 193.1975
43 55 212.5646
43 56 165.1137
43 57 102.7526
43 58 186.9606
43 59 147.2547
43 60 108.1712
43 61 256.0924
43 62 158.3344
43 63 297.9665
43 64 45.0131
43 65 4.6894
43 66 242.8382
43 67 108.1722
43 68 289.1232
43 69 60.9789
43 70 240.6534
43 71 100.3797
43 72 208.652
43 73 58.6534
43 74 136.917
43 75 47.487
43 76 166.6539
43 77 200.9509
43 78 180.4952
43 79 98.4393
43 80 93.2147
43 81 32.3531
43 82 99.484
43 83 244.3949
43 84 129.3313
43 85 152.712
43 86 105.4236
43 87 215.5485
43 88 130.4039
43 89 60.4657
43 90 77.8659
43 91 96.0771
43 92 93.2648
43 93 37.1401
43 94 235.2414
43 95 2.7833
43 96 278.9038
43 97 109.116
43 98 130.1089
43 99 271.1539
44 45 185.8511
44 46 50.4277
44 47 205.6419
44 48 272.0733
44 49 259.8538
44 50 82.6471
44 51 104.7771
44 52 203.7041
44 53 100.7147
44 54 190.0429
44 55 266.7882
44 56 209.6063
44 57 18.0013
44 58 194.2859
44 59 238.0684
44 60 235.5856
44 61 139.5767
44 62 286.0112
44 63 47.6691
44 64 48.0439
44 65 28.3138
44 66 273.3407
44 67 35.9804
44 68 135.6515
44 69 141.2381
44 70 41.7268
44 71 197.6511
44 72 240.6337
44 73 253.2042
44 74 30.2159
44 75 78.625
44 76 16.9625
44 77 262.9234
44 78 92.2056
44 79 62.7628
44 80 19.882
44 81 101.5998
44 82 276.1714
44 83 181.2589
44 84 127.2287
44 85 173.8047
44 86 233.1062
44 87 30.5014
44 88 209.6226
44 89 138.8545
44 90 231.3184
44 91 146.4923
44 92 240.6949
44 93 61.3645
44 94 25.8567
44 95 46.7631
44 96 66.2175
44 97 188.9746
44 98 14.8262
44 99 173.94
45 46 29.8806
45 47 256.1823
45 48 210.2009
45 49 248.1319
45 50 254.3834
45 51 206.3842
45 52 62.4391
45 53 77.8904
45 54 76.9994
45 55 149.2713
45 56 120.1884
45 57 18.012
45 58 91.8479
45 59 166.1035
45 60 217.5384
45 61 92.1845
45 62 129.1417
45 63 23.6
45 64 101.2784
45 65 252.7232
45 66 141.6904
45 67 185.0898
45 68 264.1254
45 69 117.6454
45 70 49.6493
45 71 222.6491
45 72 117.9571
45 73 246.0078
45 74 92.6278
45 75 114.4261
45 76 244.7591
45 77 140.6491
45 78 137.6849
45 79 100.959
45 80 118.4455
45 81 136.4014
45 82 222.2649
45 83 20.6889
45 84 194.474
45 85 232.5712
45 86 108.0685
45 87 163.2808
45 88 92.0187
45 89 201.2031
45 90 270.4282
45 91 144.4295
45 92 147.891
45 93 195.6323
45 94 153.094
45 95 299.4566
45 96 140.739
45 97 272.5044
45 98 113.4388
45 99 298.6828
46 47 119.9763
46 48 90.1816
46 49 194.0722
46 50 92.047
46 51 221.9489
46 52 187.2651
46 53 287.1532
46 54 219.178
46 55 237.5968
46 56 247.7271
46 57 283.9061
46 58 62.4001
46 59 292.329
46 60 99.6317
46 61 3.0549
46 62 283.1997
46 63 14.8566
46 64 205.5625
46 65 295.1708
46 66 176.1719
46 67 104.6738
46 68 6.7839
46 69 171.2499
46 70 274.1223
46 71 10.6036
46 72 108.6086
46 73 28.3447
46 74 70.5479
46 75 77.1253
46 76 46.6565
46 77 208.271
46 78 43.8193
46 79 2.9759
46 80 91.1516
46 81 68.6482
46 82 241.9698
46 83 174.2221
46 84 133.0279
46 85 296.1397
46 86 85.9524
46 87 274.1018
46 88 93.006
46 89 178.5715
46 90 139.9064
46 91 27.0562
46 92 96.6528
46 93 46.9036
46 94 139.0471
46 95 254.3951
46 96 165.2803
46 97 126.0674
46 98 207.8615
46 99 36.3902
47 48 207.6857
47 49 92.0417
47 50 173.4658
47 51 127.9708
47 52 187.5834
47 53 254.218
47 54 72.3406
47 55 120.7599
47 56 249.4705
47 57 163.7661
47 58 167.8836
47 59 206.0536
47 60 125.7014
47 61 267.0721
47 62 113.5112
47 63 81.2283
47 64 215.528
47 65 15.5638
47 66 296.3326
47 67 96.1678
47 68 157.9029
47 69 278.2012
47 70 78.4196
47 71 121.556
47 72 207.9328
47 73 61.9143
47 74 94.1537
47 75 180.608
47 76 185.6505
47 77 4.9717
47 78 190.3438
47 79 185.3402
47 80 179.4661
47 81 158.7072
47 82 251.5642
47 83 159.0782
47 84 262.4414
47 85 267.7129
47 86 176.5146
47 87 105.6203
47 88 281.5593
47 89 178.1182
47 90 5.6155
47 91 97.5438
47 92 77.1036
47 93 241.1989
47 94 171.9841
47 95 176.7574
47 96 298.0747
47 97 289.8705
47 98 36.2514
47 99 148.3231
48 49 105.5696
48 50 51.6588
48 51 12.777
48 52 142.7042
48 53 109.4268
48 54 47.2549
48 55 104.0961
48 56 198.3237
48 57 286.4613
48 58 192.3994
48 59 259.7709
48 60 177.7497
48 61 135.4105
48 62 209.4037
48 63 60.3861
48 64 131.5083
48 65 76.0923
48 66 273.45
48 67 28.2138
48 68 275.7029
48 69 197.063
48 70 71.4593
48 71 208.9301
48 72 149.1782
48 73 64.6886
48 74 230.8922
48 75 202.38
48 76 296.2607
48 77 167.1312
48 78 256.2772
48 79 211.3544
48 80 178.0736
48 81 138.0534
48 82 218.9464
48 83 168.8687
48 84 225.862
48 85 269.2181
48 86 60.0432
48 87 228.0645
48 88 283.8088
48 89 144.3278
48 90 10.565
48 91 202.6408
48 92 175.9214
48 93 164.143
48 94 246.1776
48 95 40.6648
48 96 34.3702
48 97 95.4049
48 98 225.7917
48 99 233.4658
49 50 206.6795
49 51 164.5981
49 52 170.0815
49 53 37.4326
49 54 186.8592
49 55 77.9308
49 56 171.4488
49 57 82.2914
49 58 40.5023
49 59 200.5833
49 60 188.5179
49 61 42.3239
49 62 276.9523
49 63 8.8605
49 64 53.7178
49 65 144.6446
49 66 231.812
49 67 13.7011
49 68 108.3368
49 69 266.015
49 70 160.4971
49 71 108.8882
49 72 162.1007
49 73 164.5952
49 74 122.7347
49 75 186.4998
49 76 231.6117
49 77 7.44
49 78 97.3394
49 79 69.5441
49 80 91.1749
49 81 274.4742
49 82 172.37
49 83 86.2748
49 84 260.8437
49 85 49.0976
49 86 135.2043
49 87 161.0388
49 88 261.085
49 89 175.6052
49 90 120.8524
49 91 264.2141
49 92 84.9011
49 93 144.6365
49 94 42.8434
49 95 188.6474
49 96 1.2582
49 97 2.44
49 98 140.8535
49 99 122.2731
50 51 90.0616
50 52 96.6815
50 53 163.8141
50 54 191.0884
50 55 159.0734
50 56 166.4844
50 57 258.5248
50 58 240.7566
50 59 1.9741
50 60 296.1854
50 61 134.7079
50 62 117.5314
50 63 235.7904
50 64 150.0334
50 65 89.9794
50 66 63.6983
50 67 83.3914
50 68 48.6987
50 69 172.7262
50 70 2.3509
50 71 128.1202
50 72 39.6143
50 73 98.0134
50 74 219.7212
50 75 77.0107
50 76 186.5791
50 77 275.4765
50 78 256.9282
50 79 57.7318
50 80 244.5395
50 81 68.4175
50 82 228.495
50 83 196.3984
50 84 219.0037
50 85 158.7341
50 86 80.5597
50 87 284.8316
50 88 219.1308
50 89 90.458
50 90 259.8454
50 91 199.4155
50 92 192.6717
50 93 74.3318
50 94 42.0391
50 95 86.9954
50 96 83.6708
50 97 164.8614
50 98 152.1476
50 99 102.4234
51 52 171.4912
51 53 121.8449
51 54 149.9528
51 55 173.9814
51 56 229.3348
51 57 9.3254
51 58 80.7093
51 59 5.8662
51 60 219.6746
51 61 17.8696
51 62 29.7377
51 63 267.6743
51 64 260.7642
51 65 156.8586
51 66 130.6443
51 67 118.3683
51 68 281.3657
51 69 159.703
51 70 150.0517
51 71 106.1625
51 72 262.4267
51 73 70.6996
51 74 102.8218
51 75 98.5505
51 76 96.1072
51 77 18.7897
51 78 8.0682
51 79 292.7318
51 80 222.789
51 81 169.0808
51 82 219.1344
51 83 15.3876
51 84 37.9592
51 85 77.8138
51 86 285.2988
51 87 112.7964
51 88 179.3606
51 89 171.2841
51 90 86.3695
51 91 129.4223
51 92 33.5134
51 93 31.2938
51 94 189.4099
51 95 53.4814
51 96 173.8429
51 97 104.3565
51 98 181.3772
51 99 88.2804
52 53 161.2419
52 54 291.7685
52 55 262.7894
52 56 214.6855
52 57 278.9102
52 58 167.697
52 59 46.8774
52 60 47.6071
52 61 90.1504
52 62 52.1756
52 63 167.0374
52 64 269.9088
52 65 170.7054
52 66 135.0553
52 67 26.8927
52 68 19.6323
52 69 253.5436
52 70 71.8316
52 71 237.0074
52 72 273.2236
52 73 44.6238
52 74 107.6674
52 75 93.009
52 76 45.1756
52 77 75.2538
52 78 147.9833
52 79 150.008
52 80 1.5596
52 81 124.7772
52 82 113.641
52 83 196.1869
52 84 61.7194
52 85 259.4762
52 86 39.3488
52 87 55.2568
52 88 122.179
52 89 257.5798
52 90 93.8505
52 91 249.4862
52 92 47.3682
52 93 205.7831
52 94 195.5377
52 95 80.5132
52 96 180.0656
52 97 266.2142
52 98 64.0646
52 99 85.4527
53 54 150.9767
53 55 254.9283
53 56 86.6201
53 57 198.8622
53 58 205.4969
53 59 81.4328
53 60 101.2327
53 61 149.8077
53 62 57.2522
53 63 268.8149
53 64 162.2784
53 65 60.8582
53 66 170.9191
53 67 155.2524
53 68 97.4309
53 69 95.764
53 70 84.6518
53 71 166.6033
53 72 131.7796
53 73 298.5959
53 74 97.7256
53 75 180.0983
53 76 284.3889
53 77 45.1075
53 78 5.8084
53 79 62.7754
53 80 101.8518
53 81 1.278
53 82 1.4356
53 83 134.7553
53 84 254.0027
53 85 115.6481
53 86 77.3715
53 87 9.6568
53 88 225.1088
53 89 112.7574
53 90 198.3332
53 91 289.8987
53 92 219.8932
53 93 186.8225
53 94 4.2419
53 95 19.2959
53 96 24.471
53 97 169.8466
53 98 102.3843
53 99 286.9051
54 55 11.7017
54 56 241.3491
54 57 224.4797
54 58 174.9357
54 59 246.5493
54 60 170.7788
54 61 160.3573
54 62 260.634
54 63 260.2211
54 64 136.2588
54 65 25.5387
54 66 105.1532
54 67 284.1922
54 68 46.6337
54 69 177.8134
54 70 35.9995
54 71 276.887
54 72 75.55
54 73 185.7813
54 74 261.4759
54 75 148.3585
54 76 53.6365
54 77 6.3859
54 78 221.0544
54 79 155.4418
54 80 289.3278
54 81 244.3775
54 82 182.1448
54 83 202.3466
54 84 158.4436
54 85 247.2728
54 86 75.0258
54 87 19.3222
54 88 8.2234
54 89 176.1096
54 90 83.4727
54 91 69.4048
54 92 156.043
54 93 65.0986
54 94 296.7601
54 95 61.3397
54 96 221.3186
54 97 141.7879
54 98 267.1469
54 99 67.174
55 56 268.1132
55 57 194.4901
55 58 104.9857
55 59 78.9103
55 60 132.7157
55 61 275.372
55 62 288.94
55 63 142.3163
55 64 72.4489
55 65 77.0086
55 66 261.5269
55 67 265.517
55 68 13.9511
55 69 286.0138
55 70 108.021
55 71 5.6892
55 72 25.9032
55 73 71.8657
55 74 113.5727
55 75 105.1311
55 76 299.0736
55 77 104.8016
55 78 125.3507
55 79 222.7026
55 80 172.929
55 81 11.8906
55 82 25.398
55 83 85.1354
55 84 48.2964
55 85 37.6225
55 86 167.011
55 87 66.9605
55 88 283.3915
55 89 79.3053
55 90 60.0684
55 91 31.2117
55 92 101.501
55 93 288.8732
55 94 234.4423
55 95 297.2753
55 96 36.3868
55 97 120.1331
55 98 66.6508
55 99 65.2957
56 57 111.437
56 58 230.6621
56 59 42.2658
56 60 153.0358
56 61 40.9019
56 62 194.0986
56 63 218.8829
56 64 151.1875
56 65 138.1814
56 66 253.545
56 67 78.4988
56 68 222.0247
56 69 157.8786
56 70 279.6305
56 71 102.73
56 72 6.0645
56 73 160.7435
56 74 251.3816
56 75 114.1259
56 76 131.3668
56 77 132.7275
56 78 279.8706
56 79 86.8814
56 80 124.8126
56 81 6.1585
56 82 76.1142
56 83 107.2716
56 84 163.2329
56 85 19.1565
56 86 274.3141
56 87 230.4673
56 88 68.5146
56 89 41.8512
56 90 255.7445
56 91 53.2947
56 92 24.582
56 93 59.6513
56 94 158.9503
56 95 34.9907
56 96 286.2946
56 97 194.0625
56 98 27.7344
56 99 118.8828
57 58 11.6221
57 59 253.0707
57 60 235.1947
57 61 235.578
57 62 66.6718
57 63 105.4605
57 64 177.3944
57 65 60.5556
57 66 244.8414
57 67 234.3212
57 68 205.0443
57 69 249.9061
57 70 211.6573
57 71 133.4377
57 72 180.2173
57 73 240.5974
57 74 54.4064
57 75 213.4221
57 76 258.3527
57 77 197.2209
57 78 216.2393
57 79 239.8079
57 80 133.128
57 81 273.1967
57 82 100.2039
57 83 166.1134
57 84 249.9457
57 85 25.1109
57 86 39.9041
57 87 32.1608
57 88 71.5911
57 89 242.4279
57 90 212.5633
57 91 25.9306
57 92 57.4262
57 93 127.2498
57 94 274.764
57 95 263.2755
57 96 230.0797
57 97 92.911
57 98 289.4805
57 99 117.8142
58 59 133.7331
58 60 12.0714
58 61 11.7088
58 62 79.3405
58 63 279.0287
58 64 226.1205
58 65 31.6576
58 66 204.5488
58 67 31.3985
58 68 35.6386
58 69 4.9729
58 70 263.4974
58 71 71.6917
58 72 169.2613
58 73 282.7302
58 74 15.2953
58 75 200.0073
58 76 155.8492
58 77 3.6178
58 78 122.556
58 79 9.8572
58 80 2.2925
58 81 197.5906
58 82 47.6634
58 83 272.0732
58 84 268.7433
58 85 4.1435
58 86 37.1473
58 87 7.6867
58 88 295.6974
58 89 215.6462
58 90 225.5747
58 91 62.1482
58 92 89.196
58 93 243.4136
58 94 126.3117
58 95 214.113
58 96 141.271
58 97 136.9946
58 98 160.3243
58 99 2.4824
59 60 282.5455
59 61 66.6949
59 62 150.9752
59 63 172.3546
59 64 188.5309
59 65 71.2288
59 66 211.4668
59 67 293.7918
59 68 187.8404
59 69 154.7283
59 70 258.9731
59 71 93.4745
59 72 127.4646
59 73 102.8548
59 74 74.2858
59 75 243.0174
59 76 177.9169
59 77 96.0561
59 78 190.2557
59 79 43.0519
59 80 296.3934
59 81 93.4328
59 82 46.2083
59 83 268.0318
59 84 137.5145
59 85 42.5457
59 86 266.6697
59 87 260.0924
59 88 181.8979
59 89 258.1749
59 90 58.8602
59 91 288.6352
59 92 49.5355
59 93 24.2165
59 94 299.5238
59 95 138.1135
59 96 283.043
59 97 35.7425
59 98 105.2986
59 99 199.5293
60 61 57.6847
60 62 234.1572
60 63 169.0186
60 64 101.9181
60 65 186.408
60 66 235.1648
60 67 87.4156
60 68 237.6104
60 69 209.3268
60 70 5.8318
60 71 46.6547
60 72 272.1024
60 73 242.509
60 74 63.5271
60 75 36.8702
60 76 126.5349
60 77 149.5162
60 78 288.4793
60 79 4.7728
60 80 191.444
60 81 24.966
60 82 71.1686
60 83 175.6807
60 84 68.863
60 85 103.8056
60 86 181.6656
60 87 69.5766
60 88 165.0994
60 89 149.3617
60 90 155.9812
60 91 276.2458
60 92 166.8323
60 93 231.1293
60 94 40.1869
60 95 78.2781
60 96 121.0714
60 97 75.2998
60 98 31.1185
60 99 299.3765
61 62 123.9221
61 63 95.1806
61 64 292.9108
61 65 119.2866
61 66 26.3983
61 67 196.2816
61 68 267.928
61 69 15.5057
61 70 254.805
61 71 156.6863
61 72 71.4097
61 73 141.514
61 74 117.4918
61 75 267.688
61 76 1.6573
61 77 137.6964
61 78 287.4265
61 79 81.6627
61 80 253.3377
61 81 252.6606
61 82 10.1719
61 83 248.941
61 84 43.7558
61 85 281.1561
61 86 12.7487
61 87 115.1695
61 88 31.1691
61 89 136.2187
61 90 5.2069
61 91 128.0292
61 92 246.7842
61 93 151.4596
61 94 268.2639
61 95 233.8991
61 96 3.8405
61 97 9.8306
61 98 199.3529
61 99 206.5147
62 63 244.6827
62 64 148.3306
62 65 167.0094
62 66 297.3602
62 67 200.0192
62 68 120.0943
62 69 299.3089
62 70 55.0034
62 71 242.2758
62 72 78.9722
62 73 111.0171
62 74 10.8873
62 75 268.9159
62 76 172.3576
62 77 196.4082
62 78 208.9696
62 79 200.5965
62 80 282.0526
62 81 71.0459
62 82 114.1866
62 83 163.5978
62 84 274.9467
62 85 197.7744
62 86 252.7625
62 87 240.2596
62 88 2.9043
62 89 264.9273
62 90 136.1505
62 91 49.3705
62 92 127.9186
62 93 232.0689
62 94 25.157
62 95 289.7956
62 96 246.5695
62 97 1.1979
62 98 224.3614
62 99 243.5935
63 64 225.5925
63 65 189.7054
63 66 170.2117
63 67 206.0554
63 68 42.8483
63 69 166.2352
63 70 195.9148
63 71 157.3263
63 72 235.2655
63 73 8.8478
63 74 155.8961
63 75 54.0232
63 76 220.6267
63 77 64.9013
63 78 164.0029
63 79 280.8184
63 80 159.0359
63 81 87.4011
63 82 1.0875
63 83 67.8961
63 84 199.6247
63 85 222.7404
63 86 171.0203
63 87 51.5985
63 88 177.5319
63 89 19.4495
63 90 177.8084
63 91 278.6774
63 92 126.4219
63 93 20.972
63 94 212.9764
63 95 289.9909
63 96 112.5026
63 97 270.318
63 98 138.2376
63 99 62.8078
64 65 217.7436
64 66 96.6347
64 67 107.0865
64 68 158.9347
64 69 218.1353
64 70 27.3436
64 71 226.6103
64 72 167.0787
64 73 56.8214
64 74 160.2825
64 75 57.7859
64 76 250.2014
64 77 43.2202
64 78 131.7708
64 79 54.9777
64 80 70.456
64 81 98.0444
64 82 192.8638
64 83 212.294
64 84 208.9347
64 85 295.0169
64 86 288.3035
64 87 191.1802
64 88 12.0373
64 89 3.0951
64 90 217.4463
64 91 136.4826
64 92 94.5262
64 93 275.9593
64 94 115.1943
64 95 63.6902
64 96 105.057
64 97 167.1687
64 98 297.737
64 99 284.1995
65 66 4.5797
65 67 20.2034
65 68 216.191
65 69 97.5763
65 70 197.68
65 71 259.5873
65 72 169.48
65 73 137.1847
65 74 122.9348
65 75 249.9296
65 76 39.769
65 77 42.3109
65 78 158.5902
65 79 236.3002
65 80 115.4178
65 81 95.2665
65 82 152.9425
65 83 205.6314
65 84 172.7566
65 85 263.4998
65 86 17.7277
65 87 248.6614
65 88 234.1057
65 89 280.8992
65 90 178.1063
65 91 95.3795
65 92 69.2672
65 93 19.291
65 94 187.3128
65 95 126.2027
65 96 83.5615
65 97 234.4304
65 98 146.0436
65 99 233.7642
66 67 40.5728
66 68 121.3696
66 69 286.0506
66 70 183.0893
66 71 75.3463
66 72 248.9046
66 73 161.5277
66 74 41.5345
66 75 171.3513
66 76 211.9159
66 77 51.8384
66 78 5.4988
66 79 148.6523
66 80 274.3762
66 81 251.7132
66 82 139.1059
66 83 204.0525
66 84 207.6218
66 85 142.8949
66 86 18.889
66 87 268.9378
66 88 165.3873
66 89 26.6815
66 90 120.6006
66 91 109.4635
66 92 284.6617
66 93 8.5007
66 94 202.1152
66 95 35.6798
66 96 169.4524
66 97 247.7245
66 98 108.4321
66 99 153.8339
67 68 195.1476
67 69 110.4249
67 70 213.8319
67 71 221.3662
67 72 222.2196
67 73 216.2725
67 74 97.6083
67 75 270.3595
67 76 272.2296
67 77 276.4956
67 78 227.0653
67 79 201.7506
67 80 43.7299
67 81 66.7127
67 82 290.1093
67 83 172.7389
67 84 159.2866
67 85 175.178
67 86 151.8989
67 87 115.9111
67 88 75.6666
67 89 247.8946
67 90 251.1877
67 91 77.7998
67 92 73.5982
67 93 270.8711
67 94 251.773
67 95 121.3585
67 96 251.845
67 97 113.0276
67 98 222.3038
67 99 110.8879
68 69 147.3369
68 70 92.993
68 71 284.9115
68 72 156.0793
68 73 298.002
68 74 28.3431
68 75 67.4865
68 76 71.3937
68 77 47.5087
68 78 32.577
68 79 58.5234
68 80 250.5238
68 81 212.8538
68 82 72.2235
68 83 191.9331
68 84 196.8845
68 85 270.8085
68 86 50.3504
68 87 128.289
68 88 156.7793
68 89 139.8929
68 90 295.4738
68 91 28.3756
68 92 81.4957
68 93 177.4381
68 94 126.1622
68 95 25.5088
68 96 278.0315
68 97 260.9801
68 98 149.1441
68 99 275.7067
69 70 283.3734
69 71 94.5581
69 72 95.8974
69 73 159.3734
69 74 220.6013
69 75 270.9098
69 76 168.5118
69 77 230.1055
69 78 79.7483
69 79 201.6613
69 80 236.9403
69 81 152.5645
69 82 161.9662
69 83 285.3291
69 84 196.2918
69 85 33.6932
69 86 140.9517
69 87 144.6684
69 88 45.7914
69 89 69.7803
69 90 220.761
69 91 58.1499
69 92 164.1203
69 93 217.022
69 94 128.8182
69 95 91.7519
69 96 21.1357
69 97 68.992
69 98 135.9065
69 99 88.988
70 71 67.9959
70 72 160.6072
70 73 296.5531
70 74 133.6758
70 75 183.694
70 76 211.6536
70 77 62.4124
70 78 122.9338
70 79 77.3981
70 80 245.3793
70 81 236.9318
70 82 150.2017
70 83 288.4005
70 84 218.5162
70 85 104.1985
70 86 225.1695
70 87 250.0219
70 88 223.0068
70 89 282.8742
70 90 196.0147
70 91 38.9425
70 92 116.9806
70 93 2.0032
70 94 65.3419
70 95 119.7529
70 96 49.7232
70 97 41.7727
70 98 155.1998
70 99 127.4733
71 72 88.4642
71 73 1.122
71 74 2.9333
71 75 68.2354
71 76 19.571
71 77 169.0763
71 78 263.4551
71 79 227.5954
71 80 265.8015
71 81 67.7715
71 82 57.563
71 83 259.0146
71 84 33.4694
71 85 211.4243
71 86 206.133
71 87 280.6245
71 88 81.4421
71 89 135.8498
71 90 153.7631
71 91 44.7394
71 92 172.2465
71 93 258.2283
71 94 214.5447
71 95 160.8332
71 96 50.0689
71 97 274.5799
71 98 33.52
71 99 52.3439
72 73 138.4648
72 74 184.1546
72 75 252.3681
72 76 51.5312
72 77 83.4057
72 78 267.4881
72 79 72.582
72 80 113.6916
72 81 212.4908
72 82 191.123
72 83 52.0511
72 84 156.6623
72 85 118.1589
72 86 146.3448
72 87 119.5157
72 88 219.5306
72 89 124.0222
72 90 298.146
72 91 208.8101
72 92 251.7366
72 93 124.8628
72 94 148.6477
72 95 124.7272
72 96 288.0295
72 97 70.5442
72 98 92.7632
72 99 252.5666
73 74 178.6834
73 75 24.332
73 76 213.4369
73 77 253.4286
73 78 168.5486
73 79 95.0625
73 80 62.8518
73 81 76.6102
73 82 72.7377
73 83 121.1859
73 84 202.9959
73 85 44.8685
73 86 33.8994
73 87 83.2039
73 88 217.6054
73 89 163.11
73 90 131.0765
73 91 233.1777
73 92 217.4226
73 93 84.8571
73 94 167.1398
73 95 34.175
73 96 148.8173
73 97 240.6034
73 98 209.0312
73 99 209.5651
74 75 175.3789
74 76 29.8073
74 77 65.5168
74 78 222.5761
74 79 49.718
74 80 21.9735
74 81 187.8595
74 82 151.3114
74 83 126.9774
74 84 225.8696
74 85 273.3226
74 86 242.0282
74 87 21.8036
74 88 276.444
74 89 147.148
74 90 237.0829
74 91 94.6575
74 92 292.5392
74 93 292.5009
74 94 40.3564
74 95 172.9325
74 96 174.2949
74 97 15.4573
74 98 79.82
74 99 40.7182
75 76 100.493
75 77 182.0561
75 78 290.3361
75 79 192.6687
75 80 294.7356
75 81 72.143
75 82 136.8137
75 83 230.0002
75 84 28.7063
75 85 172.589
75 86 50.6986
75 87 229.2213
75 88 1.9809
75 89 283.7118
75 90 1.557
75 91 16.5808
75 92 114.4111
75 93 251.9669
75 94 97.4231
75 95 254.6579
75 96 242.4952
75 97 57.6337
75 98 93.6972
75 99 127.7698
76 77 111.9668
76 78 14.114
76 79 72.5626
76 80 144.1772
76 81 258.6323
76 82 159.0064
76 83 211.9241
76 84 151.8177
76 85 73.8642
76 86 99.3684
76 87 120.0596
76 88 83.6005
76 89 275.0453
76 90 38.7642
76 91 193.2579
76 92 143.3373
76 93 96.1507
76 94 203.3718
76 95 42.6269
76 96 38.5554
76 97 275.2567
76 98 136.792
76 99 183.7653
77 78 259.8745
77 79 66.6618
77 80 160.6692
77 81 293.6459
77 82 102.5018
77 83 98.6719
77 84 165.3263
77 85 126.6207
77 86 68.2676
77 87 207.0474
77 88 22.2145
77 89 232.7267
77 90 230.4026
77 91 276.7706
77 92 205.6616
77 93 191.0791
77 94 110.9044
77 95 286.6476
77 96 139.0277
77 97 49.6802
77 98 119.4922
77 99 289.4172
78 79 286.4498
78 80 235.8884
78 81 63.3358
78 82 288.9299
78 83 296.1793
78 84 23.6005
78 85 102.3879
78 86 39.1269
78 87 70.0974
78 88 12.5975
78 89 15.783
78 90 124.3264
78 91 146.1095
78 92 40.0522
78 93 119.0084
78 94 201.0536
78 95 224.7452
78 96 26.4731
78 97 105.375
78 98 164.0352
78 99 29.8587
79 80 133.503
79 81 279.8514
79 82 118.1511
79 83 290.1342
79 84 121.8649
79 85 117.1842
79 86 120.0697
79 87 130.7372
79 88 162.3564
79 89 271.4867
79 90 102.0141
79 91 72.2266
79 92 79.4806
79 93 125.775
79 94 56.8728
79 95 253.8509
79 96 278.5923
79 97 288.6113
79 98 21.2654
79 99 75.2763
80 81 161.3349
80 82 108.9583
80 83 165.0005
80 84 249.9092
80 85 237.6393
80 86 71.2981
80 87 166.9961
80 88 210.0673
80 89 177.0908
80 90 147.5776
80 91 145.8951
80 92 48.1089
80 93 221.0695
80 94 9.5337
80 95 229.3049
80 96 259.514
80 97 255.3134
80 98 243.8722
80 99 187.6883
81 82 159.8536
81 83 122.4138
81 84 149.2112
81 85 112.0661
81 86 286.884
81 87 264.6821
81 88 102.6975
81 89 147.5685
81 90 202.8262
81 91 110.9787
81 92 116.9074
81 93 210.087
81 94 265.9033
81 95 284.8408
81 96 109.7421
81 97 259.1382
81 98 286.2963
81 99 118.1993
82 83 206.4538
82 84 157.4873
82 85 157.8628
82 86 291.5369
82 87 55.159
82 88 164.7712
82 89 231.405
82 90 231.3079
82 91 16.7704
82 92 162.3616
82 93 19.8263
82 94 21.1536
82 95 124.9907
82 96 283.5696
82 97 294.6069
82 98 250.4895
82 99 124.8915
83 84 244.3578
83 85 73.4918
83 86 160.6842
83 87 44.059
83 88 248.5
83 89 38.4985
83 90 106.685
83 91 206.1433
83 92 99.601
83 93 153.7399
83 94 204.2607
83 95 291.0801
83 96 35.6086
83 97 215.6981
83 98 18.3344
83 99 47.2579
84 85 240.8359
84 86 133.8121
84 87 152.8626
84 88 130.4515
84 89 126.8837
84 90 141.2857
84 91 188.5448
84 92 197.6328
84 93 233.0559
84 94 221.839
84 95 161.9922
84 96 150.0561
84 97 169.5693
84 98 161.6001
84 99 230.348
85 86 241.8
85 87 271.5746
85 88 58.0461
85 89 32.7691
85 90 45.6923
85 91 192.7226
85 92 244.9528
85 93 20.8412
85 94 135.0827
85 95 265.802
85 96 279.6595
85 97 26.2907
85 98 32.2458
85 99 48.5864
86 87 228.9673
86 88 285.2752
86 89 248.7011
86 90 260.3983
86 91 161.9881
86 92 219.6034
86 93 181.6061
86 94 107.5545
86 95 95.5443
86 96 117.6049
86 97 167.1909
86 98 234.8051
86 99 134.2193
87 88 95.4033
87 89 255.6087
87 90 219.4158
87 91 174.9163
87 92 255.9521
87 93 247.4825
87 94 77.5011
87 95 150.9097
87 96 209.2804
87 97 49.647
87 98 115.8754
87 99 208.1613
88 89 64.228
88 90 183.0558
88 91 152.059
88 92 170.3331
88 93 200.7795
88 94 28.9509
88 95 128.7803
88 96 25.1996
88 97 17.486
88 98 229.0775
88 99 250.3326
89 90 134.0204
89 91 186.3416
89 92 108.9104
89 93 140.2632
89 94 194.3737
89 95 152.8964
89 96 12.6686
89 97 245.2687
89 98 84.2592
89 99 69.0439
90 91 21.799
90 92 286.4732
90 93 259.9152
90 94 32.8831
90 95 222.2115
90 96 23.2408
90 97 17.7605
90 98 119.9447
90 99 285.5729
91 92 75.4569
91 93 166.1902
91 94 134.5912
91 95 293.2511
91 96 120.3959
91 97 78.6716
91 98 293.0772
91 99 151.3412
92 93 207.5155
92 94 112.1648
92 95 114.1567
92 96 254.1065
92 97 41.811
92 98 292.6234
92 99 213.975
93 94 192.3854
93 95 54.2372
93 96 268.1247
93 97 187.4848
93 98 268.4566
93 99 96.8003
94 95 297.5329
94 96 292.7117
94 97 82.7242
94 98 134.2396
94 99 145.1895
95 96 34.9237
95 97 194.4963
95 98 107.3227
95 99 221.5907
96 97 204.8698
96 98 108.9831
96 99 253.387
97 98 69.2811
97 99 19.029
98 99 122.9171
