NAME: dataset_50_01
NODES: 50
TYPE: SYMMETRIC
NODE1 NODE2 TIME
0 1 60.6068
0 2 57.7802
0 3 29.0521
0 4 79.2475
0 5 85.323
0 6 36.1559
0 7 67.7191
0 8 56.1612
0 9 99.5783
0 10 38.6075
0 11 67.4298
0 12 98.5785
0 13 19.345
0 14 39.1586
0 15 14.9303
0 16 79.3696
0 17 38.8054
0 18 16.4327
0 19 45.8218
0 20 22.4693
0 21 82.0316
0 22 15.2322
0 23 27.3091
0 24 88.3326
0 25 26.1576
0 26 73.7317
0 27 29.8521
0 28 75.0152
0 29 31.535
0 30 23.1921
0 31 39.2316
0 32 31.8586
0 33 50.6576
0 34 94.8101
0 35 15.4982
0 36 77.4298
0 37 60.0164
0 38 65.7316
0 39 24.5916
0 40 79.599
0 41 6.7854
0 42 27.4927
0 43 37.6555
0 44 32.0705
0 45 8.4354
0 46 25.1094
0 47 98.1263
0 48 77.5632
0 49 12.5799
1 2 21.2106
1 3 28.2105
1 4 40.2873
1 5 96.3603
1 6 65.692
1 7 11.5345
1 8 34.2893
1 9 97.8716
1 10 2.3749
1 11 46.7239
1 12 60.2611
1 13 91.76
1 14 54.2777
1 15 40.4524
1 16 98.4205
1 17 96.3508
1 18 71.437
1 19 52.5128
1 20 95.664
1 21 40.5356
1 22 78.9653
1 23 43.7372
1 24 28.7657
1 25 81.1299
1 26 34.0938
1 27 53.9913
1 28 66.876
1 29 34.4159
1 30 85.0208
1 31 94.1704
1 32 10.1545
1 33 29.4864
1 34 15.5211
1 35 30.8535
1 36 68.3709
1 37 57.7606
1 38 3.3102
1 39 44.649
1 40 97.4436
1 41 71.1751
1 42 14.7012
1 43 16.4373
1 44 27.0656
1 45 60.8511
1 46 89.8633
1 47 17.4321
1 48 2.2407
1 49 99.2837
2 3 23.0896
2 4 9.7198
2 5 6.3954
2 6 5.8843
2 7 20.2567
2 8 37.8985
2 9 4.1771
2 10 88.2624
2 11 37.0811
2 12 25.4385
2 13 12.4487
2 14 35.2331
2 15 58.7714
2 16 59.809
2 17 16.9413
2 18 27.3076
2 19 98.055
2 20 27.0803
2 21 2.5898
2 22 44.3301
2 23 21.1882
2 24 27.5261
2 25 77.6599
2 26 12.509
2 27 95.7663
2 28 58.7376
2 29 27.6613
2 30 8.3489
2 31 8.8323
2 32 63.4529
2 33 36.6273
2 34 65.6492
2 35 63.5663
2 36 86.5907
2 37 56.4704
2 38 61.4394
2 39 75.5081
2 40 34.9995
2 41 49.4554
2 42 26.6854
2 43 80.2108
2 44 4.2794
2 45 80.6711
2 46 21.6013
2 47 89.3717
2 48 1.7994
2 49 39.076
3 4 10.1583
3 5 23.6483
3 6 74.4546
3 7 59.9753
3 8 11.3673
3 9 12.6184
3 10 66.1387
3 11 35.6846
3 12 62.958
3 13 41.9272
3 14 48.4446
3 15 48.4511
3 16 21.3108
3 17 37.6258
3 18 42.3043
3 19 69.0899
3 20 26.7927
3 21 16.6699
3 22 5.7812
3 23 38.5041
3 24 57.4049
3 25 75.6297
3 26 79.2452
3 27 25.7679
3 28 14.6811
3 29 13.7026
3 30 25.2519
3 31 87.2695
3 32 82.094
3 33 44.4838
3 34 51.9121
3 35 86.8786
3 36 47.0758
3 37 65.5578
3 38 64.3244
3 39 3.1284
3 40 99.5348
3 41 57.0564
3 42 14.3054
3 43 16.324
3 44 1.2461
3 45 34.2675
3 46 65.2114
3 47 13.7839
3 48 21.2736
3 49 88.1283
4 5 10.7612
4 6 16.6192
4 7 1.3282
4 8 59.2132
4 9 75.9871
4 10 81.2793
4 11 38.1786
4 12 40.6354
4 13 47.7637
4 14 85.3973
4 15 25.1196
4 16 91.7115
4 17 25.917
4 18 88.9855
4 19 68.7838
4 20 99.8124
4 21 1.6833
4 22 60.146
4 23 29.1398
4 24 30.8893
4 25 95.577
4 26 6.3013
4 27 40.4619
4 28 17.3467
4 29 91.8694
4 30 16.308
4 31 78.6943
4 32 87.3768
4 33 54.5749
4 34 25.7971
4 35 37.5378
4 36 29.9584
4 37 70.2704
4 38 46.752
4 39 91.8313
4 40 66.9833
4 41 63.1357
4 42 2.7756
4 43 5.2846
4 44 49.8613
4 45 29.9116
4 46 47.8474
4 47 21.5794
4 48 99.4035
4 49 60.2754
5 6 2.1457
5 7 19.8081
5 8 81.4586
5 9 5.9584
5 10 64.2298
5 11 49.2761
5 12 37.3344
5 13 93.3935
5 14 34.5968
5 15 67.0433
5 16 11.5032
5 17 32.2333
5 18 90.1172
5 19 23.8277
5 20 46.2112
5 21 36.1438
5 22 95.7087
5 23 39.6544
5 24 16.3267
5 25 44.9518
5 26 94.3112
5 27 68.9462
5 28 2.1562
5 29 58.0146
5 30 75.9274
5 31 38.3077
5 32 50.5062
5 33 34.2457
5 34 32.3
5 35 83.7498
5 36 97.0415
5 37 20.4294
5 38 14.1564
5 39 18.5804
5 40 83.1522
5 41 14.1142
5 42 35.1676
5 43 39.1871
5 44 30.2666
5 45 33.3706
5 46 62.6708
5 47 52.8065
5 48 37.4961
5 49 52.3301
6 7 45.1656
6 8 70.8538
6 9 39.9969
6 10 19.3013
6 11 57.9565
6 12 3.358
6 13 87.1466
6 14 62.4249
6 15 68.9688
6 16 58.9313
6 17 92.4738
6 18 1.24
6 19 95.1309
6 20 88.7439
6 21 78.185
6 22 69.772
6 23 83.9751
6 24 46.4079
6 25 1.0023
6 26 74.6001
6 27 6.8941
6 28 69.7324
6 29 97.5496
6 30 59.7966
6 31 7.2344
6 32 21.0547
6 33 73.1324
6 34 3.0173
6 35 28.951
6 36 12.4074
6 37 46.2838
6 38 96.5601
6 39 25.7647
6 40 82.8382
6 41 65.6054
6 42 58.1347
6 43 90.9806
6 44 20.7218
6 45 68.125
6 46 82.2885
6 47 3.6969
6 48 96.0629
6 49 59.1112
7 8 79.2479
7 9 68.3583
7 10 92.1743
7 11 25.2939
7 12 98.5125
7 13 68.5179
7 14 53.3296
7 15 36.7513
7 16 36.7462
7 17 55.2904
7 18 43.8149
7 19 57.4734
7 20 29.3587
7 21 39.5313
7 22 76.4258
7 23 85.4611
7 24 21.3899
7 25 15.8867
7 26 55.3517
7 27 34.4446
7 28 13.3151
7 29 91.308
7 30 27.4818
7 31 71.1302
7 32 98.5016
7 33 74.6396
7 34 31.7545
7 35 74.9721
7 36 92.8116
7 37 15.5705
7 38 53.6316
7 39 36.7362
7 40 89.2527
7 41 5.6533
7 42 48.8247
7 43 43.8134
7 44 42.0969
7 45 48.442
7 46 29.4101
7 47 17.3087
7 48 90.9702
7 49 28.6078
8 9 3.0518
8 10 65.4073
8 11 84.7727
8 12 56.9302
8 13 76.3331
8 14 48.8111
8 15 29.389
8 16 97.2224
8 17 21.169
8 18 42.46
8 19 82.1669
8 20 50.8883
8 21 67.1208
8 22 57.7631
8 23 85.9482
8 24 22.2038
8 25 71.1939
8 26 46.5886
8 27 32.7663
8 28 29.0657
8 29 71.0439
8 30 77.8812
8 31 61.141
8 32 44.5922
8 33 49.5076
8 34 23.0395
8 35 39.0039
8 36 29.1029
8 37 69.9607
8 38 95.6559
8 39 15.9917
8 40 30.0582
8 41 46.6611
8 42 39.3106
8 43 48.1879
8 44 58.2476
8 45 69.5656
8 46 91.7935
8 47 77.7939
8 48 33.3388
8 49 3.1216
9 10 46.6282
9 11 31.3923
9 12 7.9289
9 13 95.7583
9 14 15.2201
9 15 52.9799
9 16 9.9516
9 17 2.3405
9 18 58.4453
9 19 30.5892
9 20 32.6032
9 21 6.2614
9 22 6.2142
9 23 10.3163
9 24 64.9552
9 25 87.9699
9 26 12.883
9 27 74.4091
9 28 58.5
9 29 81.6166
9 30 66.5138
9 31 9.5792
9 32 89.1337
9 33 40.1994
9 34 15.7129
9 35 32.3351
9 36 48.4537
9 37 86.0982
9 38 93.3115
9 39 62.8749
9 40 24.6155
9 41 54.2873
9 42 2.638
9 43 73.638
9 44 80.385
9 45 65.577
9 46 15.2992
9 47 66.5908
9 48 65.6028
9 49 71.8128
10 11 85.3331
10 12 53.4145
10 13 69.9526
10 14 47.7182
10 15 15.1644
10 16 46.8539
10 17 94.494
10 18 84.905
10 19 23.7703
10 20 98.9146
10 21 15.4565
10 22 51.6111
10 23 16.7294
10 24 72.356
10 25 26.4089
10 26 96.6515
10 27 60.1576
10 28 32.8962
10 29 36.8177
10 30 92.0363
10 31 42.4724
10 32 71.9934
10 33 26.5807
10 34 80.3967
10 35 57.727
10 36 90.9771
10 37 6.1975
10 38 39.7199
10 39 46.8221
10 40 4.5987
10 41 72.6566
10 42 83.5603
10 43 14.3132
10 44 72.9475
10 45 61.3616
10 46 63.3182
10 47 72.6808
10 48 38.7426
10 49 54.9626
11 12 46.3049
11 13 41.1948
11 14 62.2805
11 15 25.8522
11 16 28.7869
11 17 36.9116
11 18 44.4977
11 19 89.012
11 20 77.349
11 21 1.6459
11 22 6.8794
11 23 84.8467
11 24 22.6911
11 25 95.1822
11 26 67.3534
11 27 90.2583
11 28 13.7779
11 29 58.132
11 30 81.1831
11 31 82.4453
11 32 33.5302
11 33 6.9389
11 34 26.8063
11 35 54.1909
11 36 44.3362
11 37 54.2637
11 38 23.1352
11 39 56.5173
11 40 73.4456
11 41 55.0715
11 42 24.579
11 43 81.0655
11 44 25.4083
11 45 1.6385
11 46 37.9822
11 47 91.1493
11 48 24.6882
11 49 87.5097
12 13 53.3825
12 14 91.495
12 15 64.4126
12 16 48.2144
12 17 67.1907
12 18 57.8616
12 19 65.0826
12 20 59.3471
12 21 74.4207
12 22 25.8717
12 23 97.8758
12 24 47.6775
12 25 94.1829
12 26 60.043
12 27 2.9445
12 28 12.8691
12 29 2.5503
12 30 25.1154
12 31 99.2274
12 32 95.94
12 33 85.521
12 34 62.678
12 35 4.7029
12 36 20.1112
12 37 21.7445
12 38 79.6894
12 39 89.477
12 40 49.5315
12 41 70.2499
12 42 22.3277
12 43 80.2269
12 44 49.3366
12 45 28.6607
12 46 5.9482
12 47 62.91
12 48 32.8245
12 49 68.5234
13 14 98.3909
13 15 15.2054
13 16 92.2223
13 17 11.3929
13 18 19.6124
13 19 23.6554
13 20 1.9524
13 21 77.1744
13 22 76.4471
13 23 17.2386
13 24 47.4522
13 25 71.6656
13 26 46.0578
13 27 94.6636
13 28 60.9284
13 29 11.0213
13 30 14.9561
13 31 72.719
13 32 42.3368
13 33 75.5901
13 34 80.8629
13 35 27.2411
13 36 53.2443
13 37 82.2626
13 38 65.8429
13 39 41.0123
13 40 76.8904
13 41 49.7315
13 42 23.7497
13 43 75.6823
13 44 86.0278
13 45 82.4275
13 46 17.9288
13 47 29.2321
13 48 31.7345
13 49 70.0582
14 15 85.0316
14 16 21.5252
14 17 55.2426
14 18 78.8195
14 19 35.6804
14 20 90.1414
14 21 11.1304
14 22 44.6619
14 23 23.5303
14 24 49.4426
14 25 75.1734
14 26 99.1822
14 27 53.9407
14 28 86.0544
14 29 36.0919
14 30 35.4473
14 31 51.5695
14 32 16.1104
14 33 80.3053
14 34 4.7375
14 35 29.0192
14 36 51.8845
14 37 87.8381
14 38 78.9284
14 39 86.5778
14 40 19.018
14 41 58.6681
14 42 72.1651
14 43 26.8788
14 44 73.1411
14 45 16.5539
14 46 47.9305
14 47 71.2232
14 48 8.1415
14 49 78.1366
15 16 85.2368
15 17 84.1498
15 18 86.7174
15 19 33.7681
15 20 90.1046
15 21 97.2243
15 22 36.0159
15 23 91.9316
15 24 59.6775
15 25 9.1244
15 26 68.7875
15 27 24.3289
15 28 93.815
15 29 56.0576
15 30 71.589
15 31 32.7849
15 32 81.2952
15 33 45.7447
15 34 54.3267
15 35 83.6973
15 36 82.9343
15 37 37.9463
15 38 57.9537
15 39 37.1893
15 40 85.63
15 41 54.275
15 42 28.6247
15 43 59.1483
15 44 77.2914
15 45 53.0725
15 46 40.526
15 47 89.1915
15 48 21.7549
15 49 91.7489
16 17 7.4896
16 18 12.6835
16 19 83.506
16 20 54.8688
16 21 4.6322
16 22 24.6903
16 23 57.8901
16 24 55.1344
16 25 52.5342
16 26 34.0058
16 27 83.2694
16 28 83.7618
16 29 49.1084
16 30 76.2601
16 31 28.547
16 32 4.9174
16 33 37.2381
16 34 29.7119
16 35 59.341
16 36 50.3697
16 37 28.3334
16 38 31.7194
16 39 46.1366
16 40 41.9543
16 41 55.7914
16 42 10.158
16 43 25.5403
16 44 18.1391
16 45 35.0555
16 46 1.3492
16 47 9.4185
16 48 35.3829
16 49 89.826
17 18 11.6899
17 19 96.0533
17 20 16.8636
17 21 70.5216
17 22 95.9966
17 23 77.7861
17 24 32.5711
17 25 7.1792
17 26 72.0362
17 27 8.7212
17 28 31.7758
17 29 28.8497
17 30 16.4468
17 31 67.2544
17 32 3.9449
17 33 71.8151
17 34 98.7039
17 35 54.1001
17 36 94.3544
17 37 71.418
17 38 57.3031
17 39 90.0821
17 40 95.0303
17 41 60.3268
17 42 60.6729
17 43 21.0776
17 44 7.7314
17 45 66.8809
17 46 54.6255
17 47 3.3589
17 48 37.3481
17 49 6.1561
18 19 9.3329
18 20 72.8878
18 21 31.317
18 22 85.9051
18 23 18.0469
18 24 14.6729
18 25 51.4446
18 26 91.8561
18 27 22.6918
18 28 32.2864
18 29 52.2182
18 30 73.7897
18 31 32.8991
18 32 65.0879
18 33 56.0543
18 34 41.025
18 35 19.868
18 36 55.5581
18 37 11.0433
18 38 67.4385
18 39 16.4479
18 40 30.9698
18 41 31.896
18 42 25.7952
18 43 33.3379
18 44 8.0335
18 45 98.2027
18 46 65.7246
18 47 87.7781
18 48 40.6342
18 49 8.0506
19 20 95.3356
19 21 88.0898
19 22 97.5615
19 23 60.9429
19 24 63.3182
19 25 8.4685
19 26 39.5176
19 27 75.0525
19 28 12.0898
19 29 33.909
19 30 91.3212
19 31 31.7839
19 32 88.0126
19 33 68.0796
19 34 65.2952
19 35 93.5499
19 36 5.3106
19 37 67.221
19 38 13.5232
19 39 65.1829
19 40 13.9281
19 41 43.794
19 42 17.6145
19 43 29.789
19 44 98.1309
19 45 54.827
19 46 85.2609
19 47 89.4979
19 48 30.7977
19 49 80.6101
20 21 20.4784
20 22 89.1335
20 23 93.0589
20 24 67.6698
20 25 82.9136
20 26 49.1106
20 27 97.9387
20 28 47.6201
20 29 45.1772
20 30 94.0962
20 31 33.3643
20 32 79.5789
20 33 69.3969
20 34 48.4255
20 35 95.5819
20 36 96.8363
20 37 53.3359
20 38 22.8485
20 39 53.0615
20 40 9.1725
20 41 31.9489
20 42 30.0083
20 43 52.2474
20 44 63.5751
20 45 56.9274
20 46 87.5793
20 47 51.1065
20 48 93.6804
20 49 35.3489
21 22 34.5757
21 23 13.9509
21 24 97.7544
21 25 75.7369
21 26 44.2226
21 27 88.0196
21 28 76.0915
21 29 50.2903
21 30 59.8495
21 31 90.8941
21 32 53.4634
21 33 39.7656
21 34 79.0659
21 35 21.7662
21 36 76.7804
21 37 82.6265
21 38 44.259
21 39 32.7496
21 40 70.3436
21 41 61.2029
21 42 3.3605
21 43 51.3078
21 44 29.5154
21 45 92.3797
21 46 56.4296
21 47 86.7101
21 48 81.1988
21 49 54.63
22 23 47.4139
22 24 3.6845
22 25 77.3896
22 26 59.6721
22 27 19.9486
22 28 23.7192
22 29 98.4042
22 30 91.5114
22 31 48.4708
22 32 37.1119
22 33 66.271
22 34 70.0288
22 35 64.8031
22 36 31.4637
22 37 64.2813
22 38 4.4924
22 39 17.1362
22 40 28.9885
22 41 50.4287
22 42 49.4101
22 43 50.2627
22 44 47.5184
22 45 7.5762
22 46 93.2376
22 47 10.766
22 48 33.6808
22 49 2.8488
23 24 3.9128
23 25 90.6547
23 26 56.883
23 27 55.3042
23 28 97.1041
23 29 46.3103
23 30 66.6411
23 31 23.2388
23 32 90.5881
23 33 35.8689
23 34 12.8299
23 35 68.1029
23 36 17.8217
23 37 88.9453
23 38 9.3221
23 39 8.325
23 40 98.9809
23 41 34.7919
23 42 19.0245
23 43 80.805
23 44 59.0473
23 45 31.735
23 46 35.7739
23 47 63.0781
23 48 27.4161
23 49 41.9872
24 25 92.7905
24 26 45.1922
24 27 25.4977
24 28 47.3233
24 29 62.6248
24 30 71.5793
24 31 2.9355
24 32 99.6532
24 33 66.4238
24 34 21.3822
24 35 12.5206
24 36 96.8318
24 37 47.3469
24 38 8.351
24 39 1.244
24 40 31.5072
24 41 18.2234
24 42 96.0462
24 43 32.2047
24 44 56.6696
24 45 27.279
24 46 18.7281
24 47 3.1247
24 48 40.3548
24 49 61.0208
25 26 95.4534
25 27 84.0329
25 28 47.0215
25 29 81.0726
25 30 45.6631
25 31 41.1086
25 32 40.958
25 33 47.6557
25 34 87.0769
25 35 52.3451
25 36 23.4615
25 37 91.2999
25 38 98.2542
25 39 67.1155
25 40 91.1492
25 41 50.5514
25 42 21.8474
25 43 41.8943
25 44 6.65
25 45 83.7949
25 46 88.2638
25 47 64.7973
25 48 97.4017
25 49 86.4748
26 27 86.3031
26 28 30.3974
26 29 23.6201
26 30 41.9896
26 31 30.6425
26 32 30.8396
26 33 94.2413
26 34 68.6799
26 35 90.5872
26 36 66.878
26 37 95.2713
26 38 16.4218
26 39 23.6619
26 40 18.8751
26 41 49.7791
26 42 27.4608
26 43 92.6798
26 44 26.0866
26 45 12.1138
26 46 35.9726
26 47 86.5143
26 48 43.3938
26 49 47.9013
27 28 50.115
27 29 44.6779
27 30 12.2248
27 31 75.3569
27 32 60.0229
27 33 66.5018
27 34 96.3662
27 35 38.938
27 36 34.8126
27 37 81.3609
27 38 2.8688
27 39 37.4208
27 40 26.3013
27 41 24.3466
27 42 28.7719
27 43 93.5439
27 44 34.8594
27 45 12.6479
27 46 79.914
27 47 56.3596
27 48 68.443
27 49 16.8218
28 29 75.7389
28 30 73.4706
28 31 20.6954
28 32 63.4299
28 33 5.6567
28 34 32.5921
28 35 53.1555
28 36 50.7736
28 37 55.8027
28 38 9.2059
28 39 87.9841
28 40 99.3589
28 41 69.8064
28 42 91.1149
28 43 6.0934
28 44 95.6591
28 45 51.2062
28 46 45.2249
28 47 7.6461
28 48 42.7085
28 49 68.866
29 30 15.1869
29 31 61.7587
29 32 62.0142
29 33 98.9156
29 34 75.5882
29 35 93.7729
29 36 48.6558
29 37 34.0677
29 38 77.2438
29 39 56.4066
29 40 88.6895
29 41 58.6428
29 42 84.3469
29 43 18.1659
29 44 91.6874
29 45 18.4323
29 46 67.7566
29 47 96.8469
29 48 77.8982
29 49 47.8829
30 31 78.4448
30 32 50.8463
30 33 58.2184
30 34 47.4201
30 35 49.0916
30 36 51.6087
30 37 16.7882
30 38 15.2421
30 39 21.9423
30 40 78.5104
30 41 64.738
30 42 88.4811
30 43 55.3619
30 44 4.7634
30 45 72.9321
30 46 63.2147
30 47 82.7133
30 48 36.8963
30 49 42.7109
31 32 40.1892
31 33 51.6784
31 34 55.0255
31 35 81.8212
31 36 95.7519
31 37 58.3155
31 38 84.4681
31 39 59.0079
31 40 78.754
31 41 16.8563
31 42 58.6117
31 43 46.3873
31 44 85.0773
31 45 50.7316
31 46 54.8197
31 47 38.0172
31 48 68.1809
31 49 5.4279
32 33 83.0864
32 34 49.8901
32 35 61.074
32 36 39.0419
32 37 86.361
32 38 10.7461
32 39 90.5874
32 40 85.0848
32 41 74.4888
32 42 99.9246
32 43 16.7022
32 44 25.2423
32 45 87.1952
32 46 14.991
32 47 5.8125
32 48 68.847
32 49 95.0397
33 34 69.4716
33 35 56.3814
33 36 69.4877
33 37 28.1134
33 38 86.0468
33 39 96.9342
33 40 97.1189
33 41 65.2029
33 42 15.312
33 43 89.7121
33 44 80.7808
33 45 4.1949
33 46 67.5303
33 47 2.483
33 48 69.4864
33 49 84.0864
34 35 96.8967
34 36 26.2089
34 37 69.3378
34 38 54.6883
34 39 42.4772
34 40 83.8897
34 41 97.3477
34 42 47.9639
34 43 78.3589
34 44 7.1047
34 45 57.8666
34 46 23.5578
34 47 62.1237
34 48 23.4966
34 49 88.0275
35 36 75.3642
35 37 35.2183
35 38 73.1725
35 39 49.7751
35 40 62.6028
35 41 69.3752
35 42 79.68
35 43 37.7107
35 44 74.9142
35 45 42.931
35 46 56.192
35 47 78.5494
35 48 15.1359
35 49 56.5288
36 37 33.8889
36 38 92.0301
36 39 68.9749
36 40 47.9884
36 41 84.323
36 42 43.2015
36 43 19.9542
36 44 49.2435
36 45 45.5044
36 46 35.7393
36 47 25.8188
36 48 98.906
36 49 27.5764
37 38 51.8597
37 39 73.3494
37 40 11.387
37 41 31.7001
37 42 11.1977
37 43 80.4558
37 44 49.5582
37 45 65.891
37 46 69.2849
37 47 4.3807
37 48 48.1111
37 49 60.9602
38 39 4.977
38 40 13.4765
38 41 96.0882
38 42 83.6058
38 43 21.0318
38 44 38.7391
38 45 81.1491
38 46 81.1815
38 47 32.8187
38 48 72.7985
38 49 49.0399
39 40 12.6459
39 41 85.0459
39 42 99.9866
39 43 61.6726
39 44 82.1864
39 45 15.2734
39 46 94.072
39 47 60.243
39 48 27.0096
39 49 95.7633
40 41 87.0946
40 42 4.978
40 43 29.3303
40 44 37.975
40 45 12.4624
40 46 67.6359
40 47 41.1207
40 48 44.8971
40 49 74.644
41 42 24.2767
41 43 27.1594
41 44 25.0068
41 45 93.1968
41 46 54.8967
41 47 49.6387
41 48 98.5885
41 49 83.4622
42 43 59.7315
42 44 12.238
42 45 40.7006
42 46 43.0649
42 47 6.6026
42 48 8.0075
42 49 18.906
43 44 59.3256
43 45 36.1065
43 46 11.1819
43 47 2.5411
43 48 75.0435
43 49 94.3074
44 45 53.0426
44 46 49.8219
44 47 38.7694
44 48 16.4863
44 49 79.7111
45 46 12.2166
45 47 20.7934
45 48 16.8182
45 49 57.8334
46 47 26.2981
46 48 31.3288
46 49 53.781
47 48 37.336
47 49 54.5496
48 49 50.7999