NAME: dataset_50_03
NODES: 50
TYPE: SYMMETRIC
NODE1 NODE2 TIME
0 1 83.5823
0 2 12.2166
0 3 151.2244
0 4 144.1407
0 5 87.4709
0 6 111.8503
0 7 21.5217
0 8 122.2097
0 9 18.6223
0 10 112.7374
0 11 156.5213
0 12 162.7856
0 13 163.6183
0 14 61.2604
0 15 45.7592
0 16 65.2371
0 17 167.0699
0 18 131.6028
0 19 26.6109
0 20 100.5739
0 21 177.1345
0 22 56.4733
0 23 115.2991
0 24 7.1902
0 25 148.5074
0 26 49.4848
0 27 118.3783
0 28 72.9532
0 29 177.2962
0 30 40.8243
0 31 158.9991
0 32 116.8282
0 33 39.2491
0 34 193.5381
0 35 105.7261
0 36 109.5763
0 37 156.2355
0 38 18.2883
0 39 55.9405
0 40 104.8322
0 41 120.0466
0 42 16.4969
0 43 7.2072
0 44 121.3217
0 45 172.5111
0 46 141.7765
0 47 95.9265
0 48 135.5632
0 49 46.0772
1 2 198.1071
1 3 138.0006
1 4 80.4402
1 5 132.4535
1 6 15.9285
1 7 107.1321
1 8 134.7774
1 9 14.9937
1 10 86.8342
1 11 148.1275
1 12 147.4666
1 13 48.2159
1 14 37.468
1 15 13.4513
1 16 120.3404
1 17 3.4779
1 18 123.6539
1 19 150.4858
1 20 92.2222
1 21 54.5264
1 22 64.5368
1 23 138.9284
1 24 153.409
1 25 168.0156
1 26 126.721
1 27 67.9731
1 28 109.0727
1 29 197.5141
1 30 174.1981
1 31 136.2895
1 32 42.5036
1 33 68.3794
1 34 195.7534
1 35 171.1441
1 36 14.5947
1 37 4.1147
1 38 23.1757
1 39 3.5797
1 40 149.1896
1 41 151.461
1 42 111.8033
1 43 159.0727
1 44 56.4824
1 45 175.6371
1 46 60.7554
1 47 193.2272
1 48 127.6966
1 49 143.0552
2 3 41.5446
2 4 68.4956
2 5 167.2446
2 6 163.2447
2 7 144.4764
2 8 78.1988
2 9 89.3063
2 10 196.7015
2 11 63.1074
2 12 177.1515
2 13 117.3897
2 14 158.4205
2 15 28.3507
2 16 41.4191
2 17 1.2163
2 18 135.0572
2 19 30.1912
2 20 32.1486
2 21 119.6528
2 22 22.1594
2 23 134.8439
2 24 83.3971
2 25 103.6398
2 26 95.0183
2 27 144.0699
2 28 185.3269
2 29 139.6092
2 30 78.6891
2 31 113.5631
2 32 124.2873
2 33 52.7128
2 34 52.6964
2 35 194.8015
2 36 103.3427
2 37 196.5867
2 38 54.6178
2 39 162.4795
2 40 107.2351
2 41 82.4559
2 42 181.3656
2 43 187.2758
2 44 24.9225
2 45 7.5307
2 46 125.8563
2 47 15.3342
2 48 169.3875
2 49 107.6839
3 4 31.5893
3 5 170.2194
3 6 75.572
3 7 156.8969
3 8 131.7157
3 9 12.7658
3 10 19.2918
3 11 167.5194
3 12 121.6068
3 13 12.1011
3 14 113.3326
3 15 137.8495
3 16 196.3079
3 17 153.8874
3 18 131.1327
3 19 177.5909
3 20 136.6737
3 21 122.2084
3 22 14.4571
3 23 111.3388
3 24 180.9319
3 25 136.5379
3 26 131.6774
3 27 23.494
3 28 127.1542
3 29 4.5263
3 30 46.3286
3 31 182.7853
3 32 112.726
3 33 92.3727
3 34 70.5973
3 35 10.9447
3 36 13.9453
3 37 141.8149
3 38 63.9046
3 39 1.9747
3 40 39.1204
3 41 140.6596
3 42 186.4082
3 43 115.7685
3 44 160.6008
3 45 41.4336
3 46 192.2083
3 47 70.7442
3 48 84.998
3 49 35.3019
4 5 23.5531
4 6 183.2279
4 7 42.8835
4 8 29.4611
4 9 78.2134
4 10 175.3214
4 11 141.5148
4 12 148.6268
4 13 79.0274
4 14 167.2318
4 15 198.1607
4 16 163.3587
4 17 123.0958
4 18 106.5739
4 19 73.24
4 20 155.7887
4 21 132.9996
4 22 62.2119
4 23 8.7998
4 24 62.6454
4 25 65.5912
4 26 191.8205
4 27 162.927
4 28 158.0815
4 29 43.1277
4 30 97.4604
4 31 62.0219
4 32 142.2797
4 33 173.6263
4 34 174.371
4 35 178.5712
4 36 145.5671
4 37 20.9167
4 38 62.1132
4 39 97.1681
4 40 71.9962
4 41 88.6442
4 42 115.6721
4 43 7.6032
4 44 74.4746
4 45 29.1269
4 46 7.2297
4 47 72.3968
4 48 4.5044
4 49 42.6538
5 6 198.6317
5 7 36.9536
5 8 184.1693
5 9 126.594
5 10 191.5212
5 11 177.8713
5 12 60.4384
5 13 199.0942
5 14 193.1311
5 15 24.9025
5 16 47.9364
5 17 36.6113
5 18 133.6821
5 19 119.7099
5 20 181.315
5 21 68.7511
5 22 81.8427
5 23 134.4286
5 24 40.442
5 25 20.9316
5 26 57.7655
5 27 52.9093
5 28 186.1445
5 29 119.3495
5 30 9.0242
5 31 116.0634
5 32 83.8348
5 33 12.8858
5 34 62.353
5 35 87.992
5 36 114.8388
5 37 72.9819
5 38 47.54
5 39 190.7012
5 40 17.0181
5 41 99.036
5 42 56.0026
5 43 32.8589
5 44 198.1245
5 45 138.8032
5 46 64.7805
5 47 31.7107
5 48 191.5192
5 49 196.9143
6 7 146.0057
6 8 107.5685
6 9 18.3482
6 10 191.9875
6 11 163.0829
6 12 27.6966
6 13 56.2254
6 14 187.5985
6 15 112.1343
6 16 1.3696
6 17 139.6358
6 18 177.2008
6 19 144.6532
6 20 95.0526
6 21 46.4449
6 22 13.7929
6 23 156.4708
6 24 11.7019
6 25 58.0531
6 26 5.0629
6 27 191.7085
6 28 178.0721
6 29 174.1892
6 30 42.7305
6 31 128.2444
6 32 1.1953
6 33 177.1396
6 34 183.3985
6 35 129.5322
6 36 195.3327
6 37 170.1871
6 38 122.3935
6 39 73.9831
6 40 91.1676
6 41 16.3685
6 42 52.7662
6 43 83.2455
6 44 14.5913
6 45 199.8386
6 46 3.5679
6 47 74.2671
6 48 39.9509
6 49 183.4892
7 8 179.5574
7 9 191.1315
7 10 29.7365
7 11 128.577
7 12 67.101
7 13 103.0571
7 14 58.117
7 15 189.9308
7 16 70.5085
7 17 53.0093
7 18 183.0163
7 19 98.3885
7 20 86.8601
7 21 170.6708
7 22 117.9904
7 23 52.1686
7 24 98.8642
7 25 36.3956
7 26 57.695
7 27 178.8881
7 28 13.1066
7 29 76.9469
7 30 87.4027
7 31 93.3786
7 32 161.3474
7 33 114.7524
7 34 15.8636
7 35 112.703
7 36 82.1093
7 37 124.0216
7 38 80.4959
7 39 46.9101
7 40 108.7562
7 41 135.6056
7 42 179.6368
7 43 140.4392
7 44 22.0769
7 45 55.1749
7 46 142.9568
7 47 37.3438
7 48 169.1791
7 49 31.8168
8 9 93.7015
8 10 173.9081
8 11 58.7107
8 12 183.4393
8 13 134.7877
8 14 149.8301
8 15 92.5707
8 16 91.473
8 17 128.6437
8 18 29.6688
8 19 182.1689
8 20 166.1839
8 21 109.6263
8 22 92.6526
8 23 15.646
8 24 103.3582
8 25 111.1318
8 26 134.8801
8 27 127.7165
8 28 35.2595
8 29 4.9655
8 30 139.3139
8 31 173.3517
8 32 148.8808
8 33 3.5278
8 34 14.2951
8 35 39.7079
8 36 135.2269
8 37 123.5644
8 38 125.7842
8 39 41.9061
8 40 176.6637
8 41 56.6632
8 42 27.7256
8 43 118.2259
8 44 80.8458
8 45 79.1253
8 46 80.5546
8 47 32.322
8 48 56.7354
8 49 91.6241
9 10 112.9053
9 11 30.488
9 12 26.3627
9 13 181.4378
9 14 129.6766
9 15 67.3339
9 16 49.3472
9 17 150.7439
9 18 49.825
9 19 127.908
9 20 74.9825
9 21 162.1081
9 22 14.549
9 23 34.2979
9 24 181.0519
9 25 53.4073
9 26 194.0072
9 27 17.5042
9 28 106.4716
9 29 151.5439
9 30 127.9806
9 31 18.7108
9 32 173.6525
9 33 66.1018
9 34 45.5637
9 35 73.5147
9 36 138.5564
9 37 190.2739
9 38 1.6176
9 39 110.877
9 40 123.0907
9 41 130.1793
9 42 191.5219
9 43 19.9238
9 44 147.1523
9 45 137.6084
9 46 18.5438
9 47 42.3729
9 48 83.7897
9 49 143.1617
10 11 49.0869
10 12 38.9152
10 13 129.6274
10 14 132.0965
10 15 96.2296
10 16 169.4075
10 17 94.3063
10 18 65.9786
10 19 41.3546
10 20 81.4023
10 21 196.0109
10 22 18.5457
10 23 4.8935
10 24 185.1653
10 25 110.3334
10 26 86.787
10 27 34.3342
10 28 61.172
10 29 113.4252
10 30 14.9982
10 31 44.0514
10 32 152.3216
10 33 15.1348
10 34 134.5445
10 35 50.92
10 36 130.882
10 37 90.8504
10 38 109.6365
10 39 197.6
10 40 129.3655
10 41 51.4425
10 42 50.6508
10 43 23.5037
10 44 104.5991
10 45 177.5227
10 46 68.1403
10 47 155.2723
10 48 126.9346
10 49 69.9391
11 12 89.5818
11 13 7.9011
11 14 72.9477
11 15 13.012
11 16 92.8835
11 17 198.901
11 18 187.5016
11 19 86.3146
11 20 126.2972
11 21 57.7186
11 22 60.2632
11 23 1.029
11 24 93.4627
11 25 98.2542
11 26 173.3282
11 27 73.3753
11 28 23.6799
11 29 35.7439
11 30 86.5667
11 31 70.8303
11 32 141.0373
11 33 121.3122
11 34 55.449
11 35 24.9147
11 36 74.774
11 37 195.1741
11 38 23.2586
11 39 122.5431
11 40 7.8447
11 41 55.329
11 42 163.3641
11 43 187.4831
11 44 20.1603
11 45 53.256
11 46 102.2602
11 47 154.1897
11 48 108.0496
11 49 68.2871
12 13 41.0696
12 14 130.1062
12 15 28.5223
12 16 158.9998
12 17 20.0318
12 18 168.4013
12 19 93.2944
12 20 126.3783
12 21 111.6158
12 22 16.4912
12 23 194.7907
12 24 134.5046
12 25 20.9259
12 26 5.1286
12 27 162.3715
12 28 113.7942
12 29 119.1912
12 30 170.1239
12 31 169.5442
12 32 42.2185
12 33 128.88
12 34 87.2943
12 35 114.8505
12 36 9.3718
12 37 104.8208
12 38 37.5915
12 39 98.2703
12 40 39.0744
12 41 156.192
12 42 30.5847
12 43 192.7777
12 44 4.4065
12 45 196.9721
12 46 91.3602
12 47 94.0764
12 48 115.3007
12 49 137.2518
13 14 158.0749
13 15 64.0478
13 16 88.5543
13 17 114.8957
13 18 38.0135
13 19 65.1625
13 20 6.5215
13 21 24.4447
13 22 61.6699
13 23 169.6624
13 24 78.9113
13 25 131.951
13 26 81.4363
13 27 166.0592
13 28 107.7229
13 29 17.4314
13 30 62.9723
13 31 4.6399
13 32 54.2794
13 33 21.4432
13 34 117.1228
13 35 88.6515
13 36 13.219
13 37 83.247
13 38 60.0445
13 39 189.5178
13 40 35.3965
13 41 33.7379
13 42 57.0741
13 43 104.0192
13 44 52.9067
13 45 31.4314
13 46 154.6593
13 47 99.2814
13 48 52.3924
13 49 3.6196
14 15 96.2481
14 16 29.9284
14 17 183.3307
14 18 25.1432
14 19 58.8561
14 20 44.2219
14 21 136.4825
14 22 22.8942
14 23 49.4839
14 24 188.3516
14 25 178.0489
14 26 170.9968
14 27 184.8887
14 28 67.7765
14 29 194.0324
14 30 186.315
14 31 104.2938
14 32 34.5766
14 33 157.4769
14 34 72.4135
14 35 15.3311
14 36 17.7451
14 37 167.8552
14 38 129.729
14 39 127.9419
14 40 47.0036
14 41 55.0332
14 42 149.2589
14 43 121.3899
14 44 49.784
14 45 119.5355
14 46 81.6243
14 47 142.2002
14 48 17.9062
14 49 90.1274
15 16 76.0261
15 17 198.8739
15 18 154.1919
15 19 80.0642
15 20 129.9193
15 21 141.302
15 22 82.7025
15 23 84.6168
15 24 84.7201
15 25 161.5166
15 26 11.5611
15 27 170.2289
15 28 11.3145
15 29 50.0499
15 30 128.9324
15 31 82.7715
15 32 122.7266
15 33 90.8887
15 34 59.0405
15 35 44.5873
15 36 31.516
15 37 169.3235
15 38 57.6992
15 39 92.8613
15 40 89.5509
15 41 3.3752
15 42 198.3977
15 43 106.5795
15 44 123.4784
15 45 72.0307
15 46 112.5172
15 47 16.5697
15 48 146.1433
15 49 9.1993
16 17 124.3197
16 18 126.7763
16 19 17.3325
16 20 130.5533
16 21 43.8141
16 22 58.242
16 23 54.1589
16 24 164.5735
16 25 175.3032
16 26 82.7536
16 27 131.2037
16 28 141.6796
16 29 160.8614
16 30 192.4289
16 31 182.5521
16 32 164.8325
16 33 28.8344
16 34 93.3177
16 35 129.3325
16 36 148.8954
16 37 47.4587
16 38 67.5435
16 39 144.6754
16 40 176.4718
16 41 140.7542
16 42 156.215
16 43 82.0906
16 44 130.907
16 45 154.6405
16 46 35.1503
16 47 34.5582
16 48 80.6069
16 49 124.9124
17 18 66.9479
17 19 190.4993
17 20 27.4852
17 21 170.9782
17 22 23.3898
17 23 177.4864
17 24 195.0545
17 25 109.2401
17 26 24.4485
17 27 72.0416
17 28 9.3035
17 29 49.0826
17 30 44.2704
17 31 110.6891
17 32 186.3378
17 33 81.0422
17 34 67.54
17 35 18.601
17 36 199.9673
17 37 114.9917
17 38 19.2617
17 39 74.5574
17 40 24.5146
17 41 83.5422
17 42 21.7418
17 43 143.2992
17 44 194.3476
17 45 92.0166
17 46 73.3945
17 47 47.2897
17 48 69.4871
17 49 173.3278
18 19 76.7604
18 20 89.9495
18 21 58.539
18 22 168.1455
18 23 68.0048
18 24 146.2391
18 25 181.9504
18 26 74.7418
18 27 120.5631
18 28 110.7117
18 29 72.6956
18 30 158.6251
18 31 117.2329
18 32 56.9667
18 33 63.0303
18 34 135.4506
18 35 52.1339
18 36 107.8294
18 37 109.3703
18 38 189.5449
18 39 8.9766
18 40 71.0324
18 41 29.0504
18 42 187.1967
18 43 122.8947
18 44 48.3296
18 45 149.2151
18 46 109.6341
18 47 50.5497
18 48 90.1131
18 49 79.1877
19 20 48.9189
19 21 50.418
19 22 102.1357
19 23 54.6727
19 24 174.4328
19 25 119.6754
19 26 98.1223
19 27 49.863
19 28 16.1068
19 29 46.5598
19 30 90.3508
19 31 30.0326
19 32 189.6579
19 33 64.9199
19 34 24.4244
19 35 146.1751
19 36 168.6769
19 37 76.8347
19 38 172.3528
19 39 90.853
19 40 199.3503
19 41 97.743
19 42 108.1876
19 43 26.7593
19 44 107.7706
19 45 151.317
19 46 170.3214
19 47 185.1868
19 48 180.8111
19 49 137.7595
20 21 189.2658
20 22 181.9496
20 23 16.8898
20 24 181.5694
20 25 122.7223
20 26 6.6776
20 27 11.3744
20 28 125.0232
20 29 175.1485
20 30 83.4097
20 31 65.6219
20 32 68.6284
20 33 90.3842
20 34 95.552
20 35 31.2432
20 36 60.6595
20 37 8.2772
20 38 145.273
20 39 18.9158
20 40 190.7149
20 41 189.9274
20 42 25.86
20 43 62.1406
20 44 56.2995
20 45 127.3131
20 46 188.2888
20 47 61.6643
20 48 178.5103
20 49 105.6528
21 22 176.3822
21 23 86.9111
21 24 146.2864
21 25 143.5054
21 26 146.8293
21 27 11.3993
21 28 140.6316
21 29 161.2518
21 30 63.1073
21 31 148.0631
21 32 104.1579
21 33 64.8592
21 34 161.9945
21 35 29.1008
21 36 131.4076
21 37 199.8961
21 38 104.4327
21 39 176.4304
21 40 180.0739
21 41 96.2432
21 42 178.8462
21 43 156.5808
21 44 87.6649
21 45 118.7712
21 46 160.0248
21 47 39.0279
21 48 94.0615
21 49 129.1731
22 23 31.2141
22 24 74.7224
22 25 139.0459
22 26 112.5533
22 27 30.4629
22 28 152.6402
22 29 184.9787
22 30 137.1631
22 31 187.0335
22 32 84.2996
22 33 124.4038
22 34 37.3094
22 35 91.6225
22 36 184.4031
22 37 34.082
22 38 48.7047
22 39 73.3857
22 40 92.762
22 41 68.5571
22 42 199.5685
22 43 42.4126
22 44 138.6523
22 45 13.5384
22 46 53.1401
22 47 51.8885
22 48 67.9547
22 49 53.9474
23 24 169.9737
23 25 196.4941
23 26 48.2974
23 27 6.0378
23 28 33.965
23 29 132.3664
23 30 20.7161
23 31 108.8959
23 32 127.9529
23 33 65.2781
23 34 23.2069
23 35 124.8272
23 36 7.5723
23 37 73.4049
23 38 72.0149
23 39 96.5951
23 40 158.0809
23 41 192.7535
23 42 165.7854
23 43 102.1007
23 44 171.1904
23 45 53.6639
23 46 171.1145
23 47 140.2151
23 48 138.1739
23 49 138.6262
24 25 38.0093
24 26 196.6419
24 27 104.5547
24 28 138.8553
24 29 111.0333
24 30 4.5151
24 31 132.7963
24 32 160.0998
24 33 160.2544
24 34 5.5692
24 35 89.3703
24 36 10.2826
24 37 190.5921
24 38 43.3774
24 39 46.3148
24 40 175.8837
24 41 193.0021
24 42 112.6178
24 43 185.19
24 44 115.9327
24 45 187.8674
24 46 163.1637
24 47 76.2224
24 48 186.0872
24 49 33.8377
25 26 114.97
25 27 193.3494
25 28 125.5763
25 29 70.9608
25 30 154.6103
25 31 64.5863
25 32 162.2809
25 33 49.2609
25 34 17.5484
25 35 157.1931
25 36 144.0902
25 37 155.7744
25 38 52.4511
25 39 182.1994
25 40 179.9319
25 41 6.6028
25 42 168.6025
25 43 94.7256
25 44 95.5024
25 45 29.3694
25 46 94.4089
25 47 33.3797
25 48 126.6963
25 49 57.7534
26 27 83.0655
26 28 122.3375
26 29 47.7135
26 30 131.8181
26 31 25.057
26 32 129.7063
26 33 120.8768
26 34 195.1346
26 35 154.2073
26 36 106.6198
26 37 114.0931
26 38 175.2138
26 39 133.0501
26 40 128.8871
26 41 104.4809
26 42 188.6419
26 43 195.9394
26 44 183.2806
26 45 42.3669
26 46 70.2522
26 47 41.9207
26 48 158.3566
26 49 8.8666
27 28 155.7932
27 29 175.1312
27 30 85.9522
27 31 109.3572
27 32 185.414
27 33 106.795
27 34 182.0175
27 35 120.7778
27 36 105.7979
27 37 143.3103
27 38 68.2309
27 39 174.9279
27 40 191.363
27 41 170.297
27 42 75.9691
27 43 6.6352
27 44 44.2841
27 45 43.2233
27 46 16.6394
27 47 85.3727
27 48 63.7183
27 49 43.6116
28 29 81.3068
28 30 87.698
28 31 89.3344
28 32 98.2101
28 33 28.1596
28 34 85.7265
28 35 94.702
28 36 46.2646
28 37 56.7642
28 38 70.4385
28 39 182.061
28 40 83.1646
28 41 3.3834
28 42 78.9587
28 43 103.9905
28 44 80.9272
28 45 188.7431
28 46 68.4586
28 47 123.8685
28 48 58.2278
28 49 48.6007
29 30 96.6349
29 31 40.8128
29 32 24.5931
29 33 156.3084
29 34 47.5077
29 35 62.0747
29 36 165.9858
29 37 121.9613
29 38 41.5534
29 39 30.2571
29 40 145.0756
29 41 93.6795
29 42 97.742
29 43 111.1642
29 44 72.6369
29 45 187.7526
29 46 165.641
29 47 53.3693
29 48 57.6765
29 49 102.0402
30 31 176.2038
30 32 140.0967
30 33 39.4536
30 34 100.6691
30 35 40.1777
30 36 159.8374
30 37 164.4497
30 38 71.9619
30 39 2.221
30 40 160.3176
30 41 37.0418
30 42 20.5725
30 43 92.3834
30 44 163.7016
30 45 194.4105
30 46 63.6861
30 47 46.8374
30 48 108.702
30 49 153.4692
31 32 88.0685
31 33 123.0874
31 34 132.859
31 35 127.507
31 36 51.4981
31 37 162.8217
31 38 77.6572
31 39 86.6169
31 40 149.0161
31 41 190.6475
31 42 95.0276
31 43 94.0683
31 44 162.88
31 45 51.9305
31 46 129.2385
31 47 177.1962
31 48 84.0846
31 49 71.7627
32 33 125.9278
32 34 13.5169
32 35 16.3393
32 36 145.9678
32 37 129.2158
32 38 168.4786
32 39 164.4458
32 40 191.4988
32 41 36.5445
32 42 111.7807
32 43 161.8683
32 44 18.7479
32 45 33.1332
32 46 106.2481
32 47 135.8087
32 48 1.5897
32 49 36.7978
33 34 163.576
33 35 26.0743
33 36 131.105
33 37 121.9679
33 38 103.0315
33 39 29.1227
33 40 145.8167
33 41 54.9732
33 42 137.3701
33 43 172.0902
33 44 98.9517
33 45 91.4725
33 46 122.0752
33 47 116.1284
33 48 146.0515
33 49 9.4289
34 35 145.7489
34 36 78.7786
34 37 125.7708
34 38 174.4362
34 39 181.8636
34 40 154.1776
34 41 46.4399
34 42 15.2197
34 43 175.9716
34 44 124.705
34 45 188.7922
34 46 21.2781
34 47 110.1333
34 48 189.5384
34 49 14.412
35 36 143.4953
35 37 191.6854
35 38 116.4723
35 39 155.8559
35 40 29.2662
35 41 108.6569
35 42 181.0037
35 43 196.3964
35 44 185.6707
35 45 44.0211
35 46 111.8374
35 47 39.6594
35 48 125.1664
35 49 93.9124
36 37 39.2131
36 38 153.2289
36 39 116.7704
36 40 111.305
36 41 168.5324
36 42 85.9857
36 43 36.4713
36 44 105.2386
36 45 194.9023
36 46 53.1707
36 47 11.9377
36 48 115.5216
36 49 151.1278
37 38 101.5589
37 39 144.2461
37 40 150.8921
37 41 132.1107
37 42 103.7073
37 43 56.6784
37 44 30.7394
37 45 161.0596
37 46 85.0818
37 47 127.9088
37 48 105.7412
37 49 91.4884
38 39 81.4257
38 40 178.0146
38 41 74.953
38 42 165.3878
38 43 116.2983
38 44 59.1373
38 45 72.4822
38 46 1.752
38 47 183.053
38 48 52.2785
38 49 179.5543
39 40 189.5889
39 41 124.5869
39 42 42.1514
39 43 50.6113
39 44 182.8054
39 45 172.2648
39 46 46.5988
39 47 174.2813
39 48 61.3769
39 49 48.0132
40 41 109.7808
40 42 83.9937
40 43 170.5545
40 44 147.4741
40 45 123.743
40 46 85.0095
40 47 40.8872
40 48 50.1079
40 49 151.9835
41 42 152.5652
41 43 144.1562
41 44 155.6309
41 45 31.9092
41 46 127.7324
41 47 92.7
41 48 65.1722
41 49 124.87
42 43 92.5309
42 44 132.1503
42 45 56.4455
42 46 71.692
42 47 76.9695
42 48 18.4512
42 49 76.7171
43 44 42.5427
43 45 146.1372
43 46 141.3667
43 47 136.4783
43 48 136.6356
43 49 105.0962
44 45 91.8486
44 46 50.6414
44 47 5.2856
44 48 1.1896
44 49 137.1125
45 46 52.887
45 47 52.2761
45 48 150.0198
45 49 118.1789
46 47 122.9698
46 48 76.9742
46 49 168.5617
47 48 6.2034
47 49 10.4105
48 49 149.5604
